0 1 0 0 0 0 0 0 0
0.10000000000000001 0.99750212715866626 1.2678646002665372e-18 -2.0624270860872313e-05 0.049914624998804287 -2.0624270860872323e-05 -0.049914624998804273 0.0024978131078645361 7.505299646820041e-22
0.20000000000000001 0.99003392132774481 9.1372167970938865e-17 -8.1496945095291232e-05 0.099322301081900266 -8.1496945095298591e-05 -0.099322301081900308 0.0099658837632436888 -4.0418140133170926e-18
0.30000000000000004 0.97767119264270586 7.4446829764359394e-16 -0.00017971906914552777 0.14772158442420297 -0.00017971906914543184 -0.14772158442420355 0.02232838211685138 5.6537229403921745e-18
0.40000000000000002 0.96053956117852402 8.9413259829879042e-16 -0.00031077446591063493 0.19462197126469485 -0.00031077446591048401 -0.19462197126469583 0.039459838896425271 1.8633970603731959e-17
0.5 0.93881278322302297 1.5469476612668357e-16 -0.00046895425295832995 0.23954913084654975 -0.00046895425295804329 -0.23954913084655097 0.061186503246381259 -4.2254040616848511e-17
0.59999999999999998 0.91271094367536942 3.6281875047719584e-16 -0.00064783437964198193 0.28204987619163924 -0.00064783437964180597 -0.28204987619164024 0.087288209838219569 -1.0914718344105897e-17
0.70000000000000007 0.88249816224292765 -2.317531813169767e-15 -0.00084077058819848386 0.32169684743392057 -0.00084077058819892253 -0.32169684743392107 0.11750072820836008 -6.1909200023639401e-17
0.80000000000000004 0.84848029375484446 -3.7661982954417967e-15 -0.0010413294507247265 0.35809288204752143 -0.0010413294507267284 -0.35809288204752227 0.15151856316218856 -1.6385800508301166e-16
0.90000000000000002 0.81100060636001126 -5.1277058095389335e-15 -0.0012438175982732785 0.39087503661125667 -0.0012438175982772055 -0.39087503661125761 0.18899818953325576 -4.9088094148438579e-16
1 0.77043705103928861 -6.192907822616816e-15 -0.0014435002665709247 0.41971819834749435 -0.0014435002665759368 -0.4197181983474953 0.2295616482240688 -9.5466979548498639e-16
1.1000000000000001 0.72719805896050771 -6.2106808065778978e-15 -0.0016368636749208361 0.44433829962833049 -0.0016368636749283419 -0.44433829962833199 0.27280049548448554 -1.6461653848581247e-15
1.2000000000000002 0.68171849705919407 -5.7490284077396585e-15 -0.0018217628228593056 0.46449506417592623 -0.0018217628228684333 -0.46449506417592767 0.31828005885432897 -1.7043802279825958e-15
1.3000000000000003 0.6344546248031333 -5.3825068188952395e-15 -0.0019975587865690364 0.47999440220655915 -0.0019975587865796005 -0.47999440220655981 0.36554391591038182 -2.7315694699537172e-15
1.4000000000000001 0.58587992139742917 -5.8002517166638978e-15 -0.0021652603447736515 0.49069008680749449 -0.0021652603447864295 -0.49069008680749443 0.41411861532099464 -3.4839608618695354e-15
1.5000000000000002 0.53648000119397032 -4.0268746151555806e-15 -0.0023271115926147847 0.49648501145651003 -0.002327111592626681 -0.49648501145650953 0.46351853471292453 -3.084679745078615e-15
1.6000000000000001 0.48674771386596222 -2.8193150560706786e-15 -0.0024862091074635893 0.49733182862267816 -0.002486209107474427 -0.49733182862267666 0.51325082024681257 -4.0641063602375382e-15
1.7000000000000002 0.43717815860192094 -1.9181377832313987e-15 -0.0026462164620589188 0.49323303601628277 -0.0026462164620695296 -0.49323303601628049 0.56282037375056349 -4.4642786763051841e-15
1.8000000000000003 0.38826371270315108 -1.3566499378818774e-15 -0.0028109136083813873 0.48424052617609775 -0.0028109136083905627 -0.48424052617609642 0.61173481822634324 -4.9146070791531027e-15
1.9000000000000001 0.34048862127726387 -1.4414490876101624e-15 -0.0029835021918086435 0.4704544394587109 -0.0029835021918158022 -0.47045443945870979 0.65950924412195411 -4.9965945772613228e-15
2 0.29432628383113274 -1.0334457239243596e-15 -0.0031675617616546844 0.45202280891389762 -0.0031675617616598846 -0.45202280891389651 0.70567158156808663 -4.8785619121408231e-15
