# Exact 2-mode independent-boson reduced density matrix
# t re00 im00 re01 im01 re10 im10 re11 im11
0.0000000000000000e+00 1.5890058205963146e-30 0.0000000000000000e+00 -5.2788325326392878e-16 0.0000000000000000e+00 -5.2788325326392887e-16 0.0000000000000000e+00 1.0000000000000011e+00 0.0000000000000000e+00
1.0000000000000001e-01 2.4978825251381642e-03 1.6941176185365703e-21 -2.0682929247491563e-05 -4.9915316409216363e-02 -2.0682929247491535e-05 4.9915316409216363e-02 9.9750211747486284e-01 1.2924647767325308e-26
2.0000000000000001e-01 9.9661573355489634e-03 1.2281977736027012e-20 -8.1730676574110652e-05 -9.9323638683701768e-02 -8.1730676574110760e-05 9.9323638683701768e-02 9.9003384266445238e-01 -8.6736505983739753e-19
2.9999999999999999e-01 2.2328982344983657e-02 -2.3717330862756277e-20 -1.8023832884875299e-04 -1.4772348872818147e-01 -1.8023832884875255e-04 1.4772348872818145e-01 9.7767101765501740e-01 2.6464125151498874e-23
4.0000000000000002e-01 3.9460869943094806e-02 5.4342405419598470e-20 -3.1167536936965652e-04 -1.9462432480475150e-01 -3.1167536936965701e-04 1.9462432480475150e-01 9.6053913005690639e-01 4.2351647362745350e-21
5.0000000000000000e-01 6.1188044395383501e-02 1.0831434136136723e-19 -4.7029965325946771e-04 -2.3955178019940043e-01 -4.7029965325946771e-04 2.3955178019940046e-01 9.3881195560461750e-01 -2.6469782757138197e-23
5.9999999999999998e-01 8.7290311067334009e-02 -2.7211340962337293e-20 -6.4964707121673623e-04 -2.8205265112968375e-01 -6.4964707121673579e-04 2.8205265112968381e-01 9.1270968893266691e-01 -4.2972032822281455e-22
6.9999999999999996e-01 1.1750340974661526e-01 1.0504190666810694e-19 -8.4303654637889994e-04 -3.2169958402458193e-01 -8.4303654637890016e-04 3.2169958402458193e-01 8.8249659025338545e-01 -1.3578996929556830e-20
8.0000000000000004e-01 1.5152182022396804e-01 -6.7787603860502756e-20 -1.0440424359778580e-03 -3.5809542897783053e-01 -1.0440424359778580e-03 3.5809542897783053e-01 8.4847817977603257e-01 -2.3039296811561684e-19
9.0000000000000002e-01 1.8900198555166592e-01 1.0842695368819107e-19 -1.2469048428935610e-03 -3.9087723646797501e-01 -1.2469048428935612e-03 3.9087723646797501e-01 8.1099801444833530e-01 4.0654933197786087e-19
1.0000000000000000e+00 2.2956591629224035e-01 3.5155215478457029e-24 -1.4468648294950481e-03 -4.1971987682449180e-01 -1.4468648294950481e-03 4.1971987682449186e-01 7.7043408370776068e-01 2.7952087455029416e-20
1.1000000000000001e+00 2.7280513684331320e-01 -2.3035325737494355e-19 -1.6404202692777720e-03 -4.4433925751355302e-01 -1.6404202692777712e-03 4.4433925751355308e-01 7.2719486315668758e-01 -9.4858425668989878e-19
1.2000000000000000e+00 3.1828493204844516e-01 2.1726389927193821e-19 -1.8254977124949978e-03 -4.6449510542457567e-01 -1.8254977124949978e-03 4.6449510542457567e-01 6.8171506795155534e-01 8.6651471152874133e-19
1.3000000000000000e+00 3.6554884864724113e-01 2.1175823671434154e-22 -2.0015295501409880e-03 -4.7999327437178924e-01 -2.0015295501409880e-03 4.7999327437178924e-01 6.3445115135275876e-01 8.7457494669934474e-19
1.3999999999999999e+00 4.1412340198819136e-01 -2.1673287708500685e-19 -2.1694202524846903e-03 -4.9068753612684746e-01 -2.1694202524846912e-03 4.9068753612684746e-01 5.8587659801180958e-01 2.7091819422349088e-20
1.5000000000000000e+00 4.6352293447941412e-01 2.1643056968425561e-19 -2.3313867488225270e-03 -4.9648081908187253e-01 -2.3313867488225265e-03 4.9648081908187247e-01 5.3647706552058683e-01 -4.3368086879220408e-19
1.6000000000000001e+00 5.1325456928925117e-01 -4.6036243268210946e-19 -2.4906692411191867e-03 -4.9732587239944115e-01 -2.4906692411191867e-03 4.9732587239944120e-01 4.8674543071074927e-01 2.1641671769382458e-19
1.7000000000000000e+00 5.6282320153987675e-01 6.2336423983855765e-21 -2.6511283569862903e-03 -4.9322535310080934e-01 -2.6511283569862903e-03 4.9322535310080939e-01 4.3717679846012303e-01 1.0577572077942126e-22
1.8000000000000000e+00 6.1173647005922360e-01 2.2998264167388076e-19 -2.8167667759240616e-03 -4.8423135500680109e-01 -2.8167667759240616e-03 4.8423135500680103e-01 3.8826352994077662e-01 1.3552733944958820e-20
1.8999999999999999e+00 6.5950965562311770e-01 4.3386615694190195e-19 -2.9912306470904313e-03 -4.7044441710727197e-01 -2.9912306470904317e-03 4.7044441710727203e-01 3.4049034437688214e-01 -1.0799587036318576e-19
2.0000000000000000e+00 7.0567045603904821e-01 -2.6237745796983074e-20 -3.1773518990629939e-03 -4.5201206078884354e-01 -3.1773518990629948e-03 4.5201206078884354e-01 2.9432954396095179e-01 1.0820184166781065e-19
