# ProcessTensors.jl reduced density matrix
# t re00 im00 re01 im01 re10 im10 re11 im11
0.0000000000000000e+00 0.0000000000000000e+00 0.0000000000000000e+00 0.0000000000000000e+00 0.0000000000000000e+00 0.0000000000000000e+00 0.0000000000000000e+00 1.0000000000000000e+00 0.0000000000000000e+00
1.0000000000000001e-01 2.4978122712624568e-03 5.5490469528722282e-18 -2.0624236457711939e-05 -4.9914608301275809e-02 -2.0624236457711688e-05 4.9914608301275830e-02 9.9750179388302873e-01 -1.7479979206179668e-19
2.0000000000000001e-01 9.9658809792750273e-03 5.5296725818366093e-18 -8.1496825033907383e-05 -9.9322273430999655e-02 -8.1496825033906448e-05 9.9322273430999641e-02 9.9003364664951310e-01 -1.8002081028473921e-18
2.9999999999999999e-01 2.2328376829600979e-02 5.4749837299408422e-18 -1.7972213612288174e-04 -1.4772155285456198e-01 -1.7972213612288003e-04 1.4772155285456187e-01 9.7767095479940580e-01 -2.4515690643686723e-18
4.0000000000000002e-01 3.9459831142492116e-02 5.3849501103897276e-18 -3.1078360316917500e-04 -1.9462193877225942e-01 -3.1078360316917197e-04 1.9462193877225928e-01 9.6053928254545262e-01 -3.2915542805620876e-18
5.0000000000000000e-01 6.1186492779786369e-02 5.1977778379284447e-18 -4.6896424386416263e-04 -2.3954909279155473e-01 -4.6896424386415846e-04 2.3954909279155459e-01 9.3881241034605001e-01 -2.8691478110358405e-18
5.9999999999999998e-01 8.7288196008796143e-02 5.0645103772147012e-18 -6.4783549741670562e-04 -2.8204982863074007e-01 -6.4783549741670020e-04 2.8204982863073985e-01 9.1271050057767755e-01 -2.4378430857392950e-18
6.9999999999999996e-01 1.1750071168793200e-01 4.9093274435880684e-18 -8.4075728085022125e-04 -3.2169679572428034e-01 -8.4075728085021356e-04 3.2169679572427995e-01 8.8249774693221705e-01 -4.0317675300824865e-18
8.0000000000000004e-01 1.5151854279615393e-01 4.5842977575025898e-18 -1.0413104530062587e-03 -3.5809281920058078e-01 -1.0413104530062503e-03 3.5809281920058034e-01 8.4847980347093266e-01 -2.6493670514603642e-18
9.0000000000000002e-01 1.8899816545877207e-01 4.0901271920199111e-18 -1.2437904586999717e-03 -3.9087496599195121e-01 -1.2437904586999615e-03 3.9087496599195065e-01 8.1100009854045307e-01 -2.1978683012095175e-18
1.0000000000000000e+00 2.2956162150333051e-01 3.7338333088024604e-18 -1.4434644763375963e-03 -4.1971812578034567e-01 -1.4434644763375846e-03 4.1971812578034534e-01 7.7043658450588237e-01 -2.8956893780546615e-18
1.1000000000000001e+00 2.7280046883755088e-01 3.4019751747788958e-18 -1.6368290762775693e-03 -4.4433823621501828e-01 -1.6368290762775540e-03 4.4433823621501767e-01 7.2719770344064827e-01 -5.7291767849455587e-18
1.2000000000000000e+00 3.1828002492487306e-01 2.9457041279488778e-18 -1.8217165841575790e-03 -4.6449498946155143e-01 -1.8217165841575619e-03 4.6449498946155088e-01 6.8171810661409449e-01 -6.5282720056242184e-18
1.3000000000000000e+00 3.6554387105444536e-01 1.5600937928890357e-18 -1.9975136698760988e-03 -4.7999431382657609e-01 -1.9975136698760815e-03 4.7999431382657559e-01 6.3445421672921243e-01 -5.6277179772577627e-18
1.3999999999999999e+00 4.1411855873925513e-01 8.4825053360068192e-19 -2.1651942735519555e-03 -4.9068998368327038e-01 -2.1651942735519364e-03 4.9068998368326949e-01 5.8587948217733998e-01 -5.0570586135179564e-18
1.5000000000000000e+00 4.6351846329991814e-01 -2.5854484671638223e-20 -2.3270200612738961e-03 -4.9648489151557262e-01 -2.3270200612738770e-03 4.9648489151557157e-01 5.3647953045709129e-01 -3.8613551465133415e-18
1.6000000000000001e+00 5.1325073151340828e-01 -1.6638267206808728e-18 -2.4860882155200376e-03 -4.9733169165536251e-01 -2.4860882155200202e-03 4.9733169165536134e-01 4.8674721826823991e-01 -1.7924020731928586e-18
1.7000000000000000e+00 5.6282026569172861e-01 -3.2504704578581779e-18 -2.6460625594564146e-03 -4.9323288278890598e-01 -2.6460625594563998e-03 4.9323288278890498e-01 4.3717764647290219e-01 -1.8363017774157579e-19
1.8000000000000000e+00 6.1173468965601585e-01 -3.8019814268581859e-18 -2.8107234270155447e-03 -4.8424035849383212e-01 -2.8107234270155265e-03 4.8424035849383079e-01 3.8826319365050421e-01 -9.6274424681002278e-20
1.8999999999999999e+00 6.5950924412185685e-01 -3.8734322589590145e-18 -2.9835021917984255e-03 -4.7045443945863535e-01 -2.9835021917983973e-03 4.7045443945863380e-01 3.4048862127717522e-01 5.7814311435056572e-19
2.0000000000000000e+00 7.0567158156798138e-01 -5.7074058993231696e-18 -3.1675617616433666e-03 -4.5202280891382807e-01 -3.1675617616433258e-03 4.5202280891382657e-01 2.9432628383105069e-01 2.2551880443021452e-18
