# Relative Frobenius error ||rho-rho_ED||_F / ||rho_ED||_F
# t julia_vs_ed cpp_vs_ed julia_vs_cpp
0.0000000000000000e+00 1.3378776560511224e-15 1.3378776560511224e-15 0.0000000000000000e+00
1.0000000000000001e-01 1.0580032668913379e-06 9.8381454731505321e-07 3.3411226292752243e-07
2.0000000000000001e-01 1.9879664447232392e-06 1.9413037002960311e-06 2.7746231624908712e-07
2.9999999999999999e-01 2.8980786042617825e-06 2.8606006779945603e-06 2.4209603250761899e-07
4.0000000000000002e-01 3.7523138237599049e-06 3.7351272928886984e-06 2.8280574807897112e-07
5.0000000000000000e-01 4.5417710799962633e-06 4.5520186583066398e-06 3.7717327958275842e-07
5.9999999999999998e-01 5.2569272606139606e-06 5.2885091121539367e-06 4.4844233974401015e-07
6.9999999999999996e-01 5.8797059675462269e-06 5.9095777026118330e-06 4.2252965566147416e-07
8.0000000000000004e-01 6.4772606610727001e-06 6.5421595547586885e-06 4.9957896796642583e-07
9.0000000000000002e-01 6.9780747299664767e-06 7.0652632888577773e-06 5.1978313523366982e-07
1.0000000000000000e+00 7.3506328946748605e-06 7.4413682415595905e-06 4.8144070747676163e-07
1.1000000000000001e+00 7.6056530115136982e-06 7.6811715243842513e-06 3.7121522006711014e-07
1.2000000000000000e+00 7.8794449654971167e-06 7.9727145193673647e-06 4.1164610240899934e-07
1.3000000000000000e+00 8.2944780138949078e-06 8.4077555257804262e-06 4.3451684019419504e-07
1.3999999999999999e+00 8.9313424342389640e-06 9.0488135974315783e-06 4.7639554414216277e-07
1.5000000000000000e+00 9.8892519734304338e-06 1.0005834215015803e-05 5.2288206784303798e-07
1.6000000000000001e+00 1.1325212252306791e-05 1.1430497665355819e-05 5.6730666135801031e-07
1.7000000000000000e+00 1.3229766892677354e-05 1.3309293085041646e-05 6.0854958138782478e-07
1.8000000000000000e+00 1.5488867345838629e-05 1.5522904779329696e-05 6.4578381254244854e-07
1.8999999999999999e+00 1.8044242729676184e-05 1.8044242791735717e-05 1.7154528130753057e-13
2.0000000000000000e+00 2.0918571691011620e-05 2.0918571742867272e-05 1.6780494901897231e-13
