0 0.5 0 0.5 0 0.5 0 0.5 0
0.01 0.49999583335069409 -2.5298077515204754e-19 0.49999166670138839 0.0024999809028309842 0.499991666701388 -0.002499980902830982 0.50000416664930536 3.1962985422761688e-25
0.02 0.49998333358796138 -2.5299351737923173e-19 0.49996666717592197 0.0049998506958625769 0.49996666717592181 -0.004999850695862576 0.50001666641203868 8.3288290086501044e-18
0.029999999999999999 0.49996250126734365 -2.5270904591043299e-19 0.49992500253468536 0.0074994982742416028 0.49992500253468525 -0.0074994982742416028 0.50003749873265591 6.7638025550219054e-19
0.040000000000000001 0.49993333731471884 -2.5192049561858511e-19 0.49986667462943363 0.0099988125429910767 0.49986667462943352 -0.0099988125429910733 0.50006666268528144 -1.4845387002994138e-17
0.050000000000000003 0.49989584302625661 -2.5085410731499634e-19 0.49979168605250596 0.012497682421947681 0.4997916860525059 -0.012497682421947676 0.50010415697374322 -4.0122489958670992e-17
0.060000000000000005 0.49985002006836415 -2.4881325772643093e-19 0.49970004013671449 0.014995996850698705 0.49970004013671454 -0.014995996850698698 0.50014997993163701 -7.7368339639280129e-17
0.069999999999999993 0.4997958704776097 -2.4529660924289589e-19 0.49959174095519376 0.017493644793518007 0.49959174095519376 -0.017493644793518004 0.50020412952239357 -1.2900272010305682e-16
0.080000000000000002 0.49973339666063032 -2.4020014172199495e-19 0.49946679332121863 0.019990515244300875 0.49946679332121841 -0.019990515244300861 0.50026660333937312 -1.9693400383405875e-16
0.089999999999999997 0.49966260139403129 -2.5320077720426077e-19 0.49932520278799436 0.022486497231497721 0.49932520278799419 -0.022486497231497704 0.5003373986059737 -1.1063292774524133e-16
0.099999999999999992 0.49958348782425527 -2.4421263607160389e-19 0.49916697564840595 0.024981479823046018 0.49916697564840573 -0.024981479823046004 0.50041651217575089 -8.8525519469551684e-17
0.11 0.49949605946744796 -2.3037860010726353e-19 0.49899211893474188 0.02747535213130068 0.49899211893474138 -0.027475352131300649 0.50050394053256031 -6.2951169386942027e-17
0.12 0.49940032020929781 -2.103432259591749e-19 0.49880064041837713 0.029968003317962236 0.49880064041837657 -0.029968003317962191 0.50059967979071174 -3.3344501012583282e-17
0.13 0.49929627430486623 -1.8323919929497955e-19 0.49859254860943147 0.032459322599003075 0.49859254860943103 -0.032459322599003033 0.50070372569514487 -1.5672333365402985e-18
0.14000000000000001 0.49918392637839726 -1.4910043960358554e-19 0.49836785275639051 0.034949199249591147 0.49836785275639034 -0.03494919924959114 0.50081607362161529 3.1575285727742007e-17
0.15000000000000002 0.49906328142311268 -1.094758212579203e-19 0.49812656284569407 0.037437522609011106 0.49812656284569373 -0.037437522609011085 0.50093671857690114 6.5255563307891592e-17
0.16 0.49893434480098825 -8.2695397285014008e-20 0.49786868960129177 0.039924182085582363 0.4978686896012916 -0.039924182085582356 0.50106565519902624 -1.8119053778682469e-16
0.17000000000000001 0.49879712224251804 -7.5224836713425482e-20 0.49759424448416828 0.042409067161574471 0.49759424448416811 -0.042409067161574464 0.50120287775749706 -1.4934546410144165e-16
0.18000000000000002 0.49865161984645867 -3.0410945003562629e-19 0.49730323969183199 0.044892067398118823 0.49730323969183199 -0.04489206739811883 0.50134838015355754 1.4380764457633899e-16
0.19 0.49849784407955727 -5.6587564070856791e-19 0.49699568815777301 0.047373072440117035 0.49699568815777295 -0.047373072440117049 0.50150215592045921 1.202100938913424e-16
0.20000000000000001 0.4983358017762658 -8.5606237699945395e-19 0.49667160355089096 0.049851972021145836 0.49667160355089096 -0.049851972021145843 0.50166419822375241 1.0311830716492176e-16
0.21000000000000002 0.49816550013843452 -1.1657693964838413e-18 0.49633100027488275 0.052328655968357368 0.49633100027488269 -0.052328655968357354 0.50183449986158335 9.4419598044744089e-17
0.22 0.49798694673499688 -1.4876244981362495e-18 0.49597389346760912 0.054803014207376308 0.49597389346760906 -0.054803014207376294 0.5020130532650231 9.5809769541074957e-17
0.23000000000000001 0.49780014950162738 -1.8088950833967045e-18 0.49560029900041458 0.057274936767191365 0.49560029900041436 -0.057274936767191323 0.502199850498395 1.0835889407506873e-16
0.24000000000000002 0.49760511674039198 -2.1178896023973331e-18 0.49521023347742654 0.059744313785043308 0.49521023347742665 -0.059744313785043308 0.50239488325963277 1.3442684396286472e-16
0.25 0.49740185711937823 -2.4038736685341672e-18 0.49480371423481534 0.062211035511307529 0.49480371423481545 -0.062211035511307529 0.50259814288064719 1.4534744248410046e-16
0.26000000000000001 0.49719037967231267 -2.6718906118419031e-18 0.49438075934002629 0.064674992314372057 0.49438075934002629 -0.064674992314372057 0.50280962032771426 1.3977539132073392e-16
0.27000000000000002 0.49697069379815517 -2.8990237469330006e-18 0.49394138759097422 0.067136074685509764 0.49394138759097422 -0.067136074685509778 0.50302930620187358 1.179619974201642e-16
0.28000000000000003 0.49674280926068226 -3.0613788712127661e-18 0.4934856185152075 0.069594173243745422 0.49348561851520778 -0.06959417324374545 0.50325719073934672 7.9515816198031345e-17
0.29000000000000004 0.49650673618805702 -3.1475009608322432e-18 0.49301347236904469 0.072049178740717465 0.4930134723690448 -0.072049178740717479 0.50349326381197279 2.4180439097462118e-17
0.29999999999999999 0.49626248507237347 -3.1481540522978592e-18 0.49252497013666785 0.074500982065532725 0.49252497013666807 -0.074500982065532739 0.50373751492765662 -4.7758616631488266e-17
0.31 0.49601006676919518 -3.055345245445574e-18 0.49202013352919483 0.076949474249616859 0.49202013352919499 -0.076949474249616859 0.50398993323082919 -1.3579572713012199e-16
0.32000000000000001 0.49574949249706635 -2.6969401826494871e-18 0.49149898498371092 0.079394546471555888 0.49149898498371108 -0.07939454647155586 0.5042505075029502 -5.9591794940137133e-16
0.33000000000000002 0.49548077383702083 -2.2057564412281565e-18 0.4909615476622744 0.081836090061933833 0.49096154766227446 -0.081836090061933778 0.50451922616298595 -1.0888617142840793e-15
0.34000000000000002 0.49520392273206376 -1.6064141715099883e-18 0.49040784545088673 0.084273996508162183 0.49040784545088695 -0.084273996508162155 0.50479607726793407 -1.6148203828620177e-15
0.35000000000000003 0.49491895148663839 -9.0089918966277664e-19 0.48983790295842827 0.08670815745930234 0.48983790295842849 -0.08670815745930234 0.50508104851334801 -2.1733065942296809e-15
0.36000000000000004 0.49462587276608372 -1.0489860374205663e-19 0.48925174551556849 0.089138464730881717 0.48925174551556905 -0.089138464730881786 0.50537412723389019 -2.762039087339604e-15
0.37 0.49432469959606906 8.046686567928294e-19 0.48864939917363809 0.091564810309701677 0.48864939917363892 -0.091564810309701775 0.50567530040389186 -3.3828369529870275e-15
0.38 0.49401544536201425 1.8250241469715903e-18 0.48803089070346967 0.093987086358637659 0.48803089070347061 -0.093987086358637784 0.50598455463792968 -2.7354348029819742e-15
0.39000000000000001 0.49369812380849937 2.9780676036652659e-18 0.48739624759421168 0.096405185221432779 0.48739624759421246 -0.096405185221432876 0.50630187619142786 -2.0581002919560461e-15
0.40000000000000002 0.49337274903864742 4.2342807448664003e-18 0.48674549805210321 0.098818999427481818 0.48674549805210404 -0.098818999427481943 0.5066272509612797 -1.3702904500578783e-15
0.41000000000000003 0.49303933551350199 5.5915238911527956e-18 0.4860786709992222 0.1012284216966081 0.48607867099922286 -0.10122842169660821 0.50696066448642552 -6.4801623337553711e-16
0.42000000000000004 0.4926978980513827 7.0732291655486978e-18 0.48539579607219885 0.10363334494383106 0.48539579607219963 -0.10363334494383122 0.50730210194853576 -1.3706718622324577e-15
0.42999999999999999 0.49234845182722803 8.7039548422978331e-18 0.48469690362090034 0.1060336622841261 0.48469690362090095 -0.10603366228412624 0.50765154817268965 -2.2550074820118075e-15
0.44 0.49199101237192006 1.042154390468426e-17 0.48398202470708035 0.10842926703717459 0.48398202470708096 -0.10842926703717475 0.50800898762799795 -3.0514173081480661e-15
0.45000000000000001 0.49162559557159252 1.2233318385296559e-17 0.4832511911029978 0.11082005273210511 0.48325119110299836 -0.11082005273210525 0.50837440442831949 -3.9320092412385557e-15
0.46000000000000002 0.491252217666928 1.4133185468374682e-17 0.48250443529000675 0.11320591311222583 0.48250443529000731 -0.11320591311222601 0.50874778233298079 -4.7291165333717955e-15
0.47000000000000003 0.49087089525243555 1.6123958636065894e-17 0.48174179045711402 0.11558674213974746 0.48174179045711479 -0.11558674213974769 0.50912910474747353 -5.6443449093290237e-15
0.48000000000000004 0.49048164527570987 1.8188345283776356e-17 0.48096329049949943 0.11796243400049465 0.48096329049950026 -0.11796243400049489 0.50951835472420004 -6.6271749989593819e-15
0.48999999999999999 0.49008448503667962 2.0326162985412668e-17 0.48016897001701153 0.12033288310860954 0.48016897001701198 -0.12033288310860971 0.5099155149632284 -7.5686910922321925e-15
0.5 0.48967943218684257 2.2513406745243337e-17 0.47935886431263203 0.12269798411124494 0.47935886431263269 -0.12269798411124513 0.51032056781306401 -8.523689957217766e-15
0.51000000000000001 0.48926650472847588 2.4743446112684996e-17 0.47853300939090421 0.12505763189324604 0.47853300939090498 -0.12505763189324626 0.51073349527142942 -7.5611764932817396e-15
0.52000000000000002 0.48884572101383783 2.7031323860805795e-17 0.47769144195633428 0.1274117215818224 0.47769144195633462 -0.12741172158182254 0.5111542789860658 -6.5785293880345784e-15
0.53000000000000003 0.48841709974435293 2.9393315860577904e-17 0.47683419941175892 0.12976014855120896 0.47683419941175936 -0.12976014855120921 0.51158290025554964 -7.6127180966006516e-15
0.54000000000000004 0.48798065996977874 3.1816748851544985e-17 0.47596131985668261 0.13210280842731578 0.47596131985668338 -0.13210280842731606 0.51201934003012217 -6.5633936937193329e-15
0.55000000000000004 0.48753642108736128 3.4328646118472665e-17 0.47507284208558576 0.13443959709236708 0.4750728420855862 -0.13443959709236727 0.51246357891253591 -5.5132018620351043e-15
0.56000000000000005 0.48708440284097443 3.6949150175092183e-17 0.47416880558620134 0.13677041068952928 0.47416880558620189 -0.1367704106895295 0.51291559715892165 -4.499988653398312e-15
0.57000000000000006 0.48662462532023598 3.967704700050928e-17 0.47324925053775546 0.13909514562752523 0.47324925053775579 -0.13909514562752542 0.51337537467965644 -3.4216700587598525e-15
0.58000000000000007 0.48615710895962322 4.2529390948813901e-17 0.47231421780918725 0.14141369858524022 0.47231421780918759 -0.14141369858524047 0.51384289104026759 -2.3289109568510645e-15
0.58999999999999997 0.48568187453755585 4.5521563788233826e-17 0.47136374895732686 0.14372596651631214 0.47136374895732724 -0.14372596651631236 0.51431812546233036 -1.2440105937664655e-15
0.59999999999999998 0.48519894317548179 4.8636928301830979e-17 0.47039788622505513 0.14603184665371308 0.4703978862250553 -0.14603184665371324 0.51480105682440158 -2.3385204536192677e-15
0.60999999999999999 0.48470833633693167 5.185486169103903e-17 0.46941667253941949 0.14833123651431529 0.46941667253941977 -0.14833123651431554 0.5152916636629491 -3.4446040843618455e-15
0.62 0.48421007582656628 5.5128804357801478e-17 0.46842015150972971 0.15062403390344656 0.46842015150972965 -0.1506240339034467 0.51578992417331038 -4.5573217023106629e-15
0.63 0.48370418378920943 5.8517318673596666e-17 0.46740836742561909 0.15291013691943223 0.4674083674256192 -0.15291013691943242 0.51629581621066278 -5.6580590725631499e-15
0.64000000000000001 0.48319068270886278 6.1942270338009124e-17 0.46638136525507734 0.1551894439581244 0.46638136525507773 -0.1551894439581247 0.51680931729100532 -6.819471661803273e-15
0.65000000000000002 0.48266959540770532 6.5493175999690318e-17 0.46533919064244877 0.15746185371741686 0.46533919064244927 -0.15746185371741722 0.51733040459215862 -7.967536447156696e-15
0.66000000000000003 0.48214094504508054 6.9106553099145325e-17 0.46428188990640645 0.15972726520174799 0.46428188990640717 -0.15972726520174843 0.51785905495477857 -6.8207980420865224e-15
0.67000000000000004 0.48160475511646705 7.2820912710254026e-17 0.46320951003789279 0.16198557772658928 0.46320951003789346 -0.16198557772658972 0.51839524488338784 -5.6636507207525326e-15
0.68000000000000005 0.48106104945243389 7.6601150835644429e-17 0.46212209869803134 0.16423669092292048 0.46212209869803217 -0.16423669092292101 0.51893895054741757 -4.5267237851562982e-15
0.69000000000000006 0.48050985221757897 8.0465756641849895e-17 0.46101970421600574 0.16648050474168924 0.4610197042160068 -0.16648050474168985 0.51949014778226565 -3.3825521121872558e-15
0.70000000000000007 0.47995118790946195 8.437789370090693e-17 0.45990237558691766 0.16871691945825962 0.45990237558691915 -0.16871691945826037 0.52004881209037768 -2.2633815322057275e-15
0.71000000000000008 0.47938508135750829 8.8409972617509234e-17 0.45877016246960434 0.17094583567684296 0.45877016246960561 -0.1709458356768436 0.52061491864232656 -1.138258034641981e-15
0.71999999999999997 0.47881155772190875 9.2540039037348466e-17 0.45762311518443188 0.17316715433491528 0.45762311518443338 -0.17316715433491597 0.52118844227792049 -1.2340621688505892e-17
0.72999999999999998 0.47823064249250047 9.6824634114448689e-17 0.45646128471106062 0.17538077670762067 0.4564612847110624 -0.17538077670762142 0.52176935750732156 1.0923699886454777e-15
0.73999999999999999 0.47764236148763745 1.0122942532199563e-16 0.45528472268618103 0.17758660441215993 0.45528472268618275 -0.17758660441216068 0.52235763851217742 1.7068370829862942e-15
0.75 0.47704674085303611 1.0578199762276949e-16 0.45409348140121197 0.17978453941216022 0.45409348140121375 -0.17978453941216094 0.52295325914677016 2.2949251917566233e-15
0.76000000000000001 0.47644380706061928 1.1041634864021144e-16 0.45288761379998449 0.18197448402203556 0.45288761379998643 -0.18197448402203636 0.52355619293917821 2.8835078146774093e-15
0.77000000000000002 0.47583358690733812 1.1514089432818712e-16 0.45166717347638363 0.18415634091132618 0.4516671734763853 -0.18415634091132682 0.52416641309244894 3.4608065239524505e-15
0.78000000000000003 0.47521610751398247 1.1995343818000022e-16 0.45043221467197031 0.18633001310902575 0.45043221467197186 -0.1863300131090263 0.52478389248579749 4.0169874781008374e-15
0.79000000000000004 0.47459139632396868 1.2495315923292173e-16 0.44918279227356539 0.18849540400788939 0.44918279227356694 -0.18849540400788994 0.52540860367580322 4.5723671901781038e-15
0.80000000000000004 0.47395948110212888 1.3003968072062648e-16 0.44791896181081536 0.19065241736872895 0.4479189618108167 -0.19065241736872945 0.52604051889763437 5.1154347235486209e-15
0.81000000000000005 0.4733203899334712 1.351947215524114e-16 0.44664077945372194 0.19280095732468977 0.44664077945372338 -0.1928009573246903 0.52667961006628183 5.633248437088787e-15
0.82000000000000006 0.47267415122193696 1.4056104434775646e-16 0.44534830201014725 0.19494092838551166 0.44534830201014891 -0.19494092838551233 0.52732584877780886 6.1471535353701523e-15
0.83000000000000007 0.47202079368913025 1.4602848614346395e-16 0.44404158692328488 0.19707223544177147 0.44404158692328621 -0.19707223544177199 0.52797920631060691 6.6424416670927143e-15
0.84000000000000008 0.47136034637304797 1.5157859790561908e-16 0.44272069226911265 0.19919478376911226 0.4427206922691137 -0.19919478376911265 0.52863965362668053 7.118485631043242e-15
0.84999999999999998 0.4706928386267879 1.5724238600867045e-16 0.44138567675380747 0.20130847903245191 0.44138567675380841 -0.20130847903245233 0.52930716137293221 7.5743269012763642e-15
0.85999999999999999 0.47001830011724216 1.6306991085159783e-16 0.4400365997111374 0.20341322729017611 0.4400365997111384 -0.20341322729017652 0.52998169988246957 8.0099327763005625e-15
0.87 0.46933676082378106 1.6910181051677346e-16 0.43867352109982544 0.20550893499831388 0.43867352109982649 -0.20550893499831438 0.53066323917592317 8.4339091607053726e-15
0.88 0.46864825103691926 1.7524262338530308e-16 0.43729650150088339 0.20759550901469456 0.43729650150088462 -0.20759550901469515 0.53135174896277826 8.8214016125531568e-15
0.89000000000000001 0.46795280135696887 1.8160157932233527e-16 0.43590560211491874 0.2096728566030871 0.43590560211491997 -0.20967285660308771 0.53204719864272187 9.1974698948845391e-15
0.90000000000000002 0.46725044269268118 1.8755073844811023e-16 0.43450088475941673 0.2117408854373225 0.43450088475941784 -0.21174088543732306 0.53274955730700169 1.3494499476797855e-14
0.91000000000000003 0.46654120625987378 1.93776283296074e-16 0.43308241186599306 0.21379950360539748 0.43308241186599433 -0.21379950360539818 0.53345879373980365 1.7456845700020109e-14
0.92000000000000004 0.46582512358003941 2.005941169179373e-16 0.43165024647761618 0.21584861961355797 0.43165024647761757 -0.21584861961355875 0.53417487641963346 2.1053881984344065e-14
0.93000000000000005 0.46510222647894711 2.0808837168332866e-16 0.43020445224580728 0.21788814239036619 0.43020445224580905 -0.21788814239036713 0.53489777352071988 2.4267539434855915e-14
0.94000000000000006 0.46437254708522951 2.1654653987978349e-16 0.4287450934278127 0.21991798129074902 0.42874509342781464 -0.21991798129075008 0.5356274529144327 2.7079181395154471e-14
0.95000000000000007 0.46363611782895275 2.260961762825319e-16 0.42727223488374627 0.22193804610002599 0.42727223488374827 -0.22193804610002704 0.5363638821706882 2.9473266914001096e-14
0.96000000000000008 0.46289297144017416 2.3684058060763728e-16 0.42578594207370624 0.22394824703791805 0.42578594207370846 -0.2239482470379193 0.53710702855942327 3.1417110648675207e-14
0.96999999999999997 0.46214314094749159 2.4875643213774124e-16 0.42428628105486804 0.22594849476253959 0.42428628105487004 -0.22594849476254081 0.53785685905207292 3.2900645216835908e-14
0.97999999999999998 0.46138665967659909 2.620837677760932e-16 0.42277331847850191 0.22793870037442057 0.42277331847850386 -0.22793870037442171 0.53861334032294306 3.3903782812303176e-14
0.98999999999999999 0.46062356124881121 2.7679663612775352e-16 0.42124712158702127 0.22991877542045 0.42124712158702332 -0.22991877542045125 0.53937643875071795 3.4407509774476407e-14
1 0.45985387957948037 2.9267483576894251e-16 0.41970775821110579 0.23188863189767014 0.41970775821110795 -0.23188863189767142 0.5401461204200495 3.4391694053586233e-14
