# Exact 3+1-spin reduced density matrix
# t re00 im00 re01 im01 re10 im10 re11 im11
0.0000000000000000e+00 4.9999999999999989e-01 0.0000000000000000e+00 5.0000000000000011e-01 0.0000000000000000e+00 5.0000000000000011e-01 0.0000000000000000e+00 5.0000000000000033e-01 0.0000000000000000e+00
1.0000000000000000e-02 5.0000416665123459e-01 4.1359030627651384e-25 4.9999166669753098e-01 -2.4999814815226296e-03 4.9999166669753098e-01 2.4999814815226296e-03 4.9999583334876585e-01 1.0691058840368783e-50
2.0000000000000000e-02 5.0001666641975451e-01 3.3087224502121107e-24 4.9996666716049099e-01 -4.9998518531687106e-03 4.9996666716049099e-01 4.9998518531687106e-03 4.9998333358024583e-01 0.0000000000000000e+00
2.9999999999999999e-02 5.0003749875001668e-01 -1.3234889800848443e-23 4.9992500249996685e-01 -7.4995000099998916e-03 4.9992500249996685e-01 7.4995000099998916e-03 4.9996250124998376e-01 5.3455294201843913e-51
4.0000000000000001e-02 5.0006666271614275e-01 -8.6734850309860270e-19 4.9986667456771400e-01 -9.9988148569540025e-03 4.9986667456771400e-01 9.9988148569540025e-03 4.9993333728385719e-01 0.0000000000000000e+00
5.0000000000000003e-02 5.0010415702196220e-01 -6.8422776578360209e-49 4.9979168595607587e-01 -1.2497685313782585e-02 4.9979168595607587e-01 1.2497685313782586e-02 4.9989584297803824e-01 4.8109764781659522e-50
5.9999999999999998e-02 5.0014998000106636e-01 -1.5881867761018131e-22 4.9970003999786688e-01 -1.4996000319987783e-02 4.9970003999786688e-01 1.4996000319987783e-02 4.9985001999893375e-01 2.1382117680737565e-49
7.0000000000000007e-02 5.0020412961688709e-01 -6.8422776578360209e-49 4.9959174076622581e-01 -1.7493648839758354e-02 4.9959174076622581e-01 1.7493648839758354e-02 4.9979587038311324e-01 1.0691058840368783e-49
8.0000000000000002e-02 5.0026660346278284e-01 2.1175823681357508e-22 4.9946679307443403e-01 -1.9990519866904533e-02 4.9946679307443403e-01 1.9990519866904533e-02 4.9973339653721738e-01 0.0000000000000000e+00
8.9999999999999997e-02 5.0033739876214900e-01 -1.7347234759768071e-18 4.9932520247570178e-01 -2.2486502429791687e-02 4.9932520247570178e-01 2.2486502429791687e-02 4.9966260123785128e-01 1.7347234759768071e-18
1.0000000000000001e-01 5.0041651236853946e-01 1.7347234759768071e-18 4.9916697526292109e-01 -2.4981485596272331e-02 4.9916697526292109e-01 2.4981485596272331e-02 4.9958348763146093e-01 -1.7347234759768071e-18
1.1000000000000000e-01 5.0050394076580684e-01 0.0000000000000000e+00 4.9899211846838643e-01 -2.7475358478616423e-02 4.9899211846838643e-01 2.7475358478616423e-02 4.9949605923419349e-01 1.8174800028626930e-49
1.2000000000000000e-01 5.0059968006825883e-01 -4.2351647362715017e-22 4.9880063986348244e-01 -2.9968010238439705e-02 4.9880063986348244e-01 2.9968010238439705e-02 4.9940031993174155e-01 2.1382117680737565e-50
1.3000000000000000e-01 5.0070372602083135e-01 -8.4703294725430034e-22 4.9859254795833757e-01 -3.2459330091629837e-02 4.9859254795833757e-01 3.2459330091629837e-02 4.9929627397916909e-01 3.6349600057253861e-49
1.4000000000000001e-01 5.0081607399927675e-01 -1.2705494208814505e-21 4.9836785200144668e-01 -3.4949207313270107e-02 4.9836785200144668e-01 3.4949207313270107e-02 4.9918392600072370e-01 5.1317082433770156e-49
1.4999999999999999e-01 5.0093671901037007e-01 1.6940658945086007e-21 4.9812656197925981e-01 -3.7437531242560496e-02 4.9812656197925981e-01 3.7437531242560496e-02 4.9906328098963026e-01 2.1382117680737565e-50
1.6000000000000000e-01 5.0106565569213080e-01 2.5410988417629010e-21 4.9786868861573824e-01 -3.9924191287735999e-02 4.9786868861573824e-01 3.9924191287735993e-02 4.9893434430786948e-01 0.0000000000000000e+00
1.7000000000000001e-01 5.0120287831406085e-01 -3.4694469519536142e-18 4.9759424337187785e-01 -4.2409076930981685e-02 4.9759424337187785e-01 4.2409076930981691e-02 4.9879712168593932e-01 0.0000000000000000e+00
1.7999999999999999e-01 5.0134838077740007e-01 -3.4694469519536142e-18 4.9730323844520002e-01 -4.4892077733344686e-02 4.9730323844520002e-01 4.4892077733344679e-02 4.9865161922260032e-01 0.0000000000000000e+00
1.9000000000000000e-01 5.0150215661539554e-01 -1.3684555315672042e-48 4.9699568676920886e-01 -4.7373083339642505e-02 4.9699568676920886e-01 4.7373083339642505e-02 4.9849784338460468e-01 3.6349600057253861e-49
2.0000000000000001e-01 5.0166419899359127e-01 3.4711410178481228e-18 4.9667160201281740e-01 -4.9851983483367696e-02 4.9667160201281740e-01 4.9851983483367703e-02 4.9833580100640906e-01 -3.4694469519536142e-18
2.0999999999999999e-01 5.0183450071013047e-01 3.3881317890172014e-21 4.9633099857973911e-01 -5.2328667991588584e-02 4.9633099857973911e-01 5.2328667991588584e-02 4.9816549928986992e-01 -3.4694469519536142e-18
2.2000000000000000e-01 5.0201305419607589e-01 1.6940658945086007e-21 4.9597389160784827e-01 -5.4803026789845846e-02 4.9597389160784827e-01 5.4803026789845846e-02 4.9798694580392444e-01 3.6349600057253861e-49
2.3000000000000001e-01 5.0219985151574642e-01 -5.0821976835258020e-21 4.9560029696850705e-01 -5.7274949907044619e-02 4.9560029696850705e-01 5.7274949907044619e-02 4.9780014848425380e-01 -3.4694469519536142e-18
2.3999999999999999e-01 5.0239488436706969e-01 -1.0164395367051604e-20 4.9521023126586028e-01 -5.9744327480342127e-02 4.9521023126586028e-01 5.9744327480342127e-02 4.9760511563293047e-01 -3.4694469519536142e-18
2.5000000000000000e-01 5.0259814408195136e-01 -1.0164395367051604e-20 4.9480371183609706e-01 -6.2211049760030529e-02 4.9480371183609706e-01 6.2211049760030529e-02 4.9740185591804886e-01 7.0560988346433965e-49
2.6000000000000001e-01 5.0280962162665965e-01 -1.0164395367051604e-20 4.9438075674668075e-01 -6.4675007114414540e-02 4.9438075674668075e-01 6.4675007114414540e-02 4.9719037837334068e-01 7.2699200114507722e-49
2.7000000000000002e-01 5.0302930760222697e-01 -1.0164395367051604e-20 4.9394138479554567e-01 -6.7136090034683960e-02 4.9394138479554567e-01 6.7136090034683960e-02 4.9697069239777314e-01 6.9388939039072284e-18
2.8000000000000003e-01 5.0325719224486920e-01 -6.7762635780344027e-21 4.9348561551026182e-01 -6.9594189139780827e-02 4.9348561551026182e-01 6.9594189139780827e-02 4.9674280775513119e-01 1.1118701193983534e-48
2.8999999999999998e-01 5.0349326542641659e-01 1.0164395367051604e-20 4.9301346914716687e-01 -7.2049195181260600e-02 4.9301346914716687e-01 7.2049195181260600e-02 4.9650673457358380e-01 0.0000000000000000e+00
2.9999999999999999e-01 5.0373751665476707e-01 1.3552527156068805e-20 4.9252496669046586e-01 -7.4500999048147831e-02 4.9252496669046586e-01 7.4500999048147845e-02 4.9626248334523332e-01 6.9388939039072284e-18
3.1000000000000000e-01 5.0398993507435053e-01 -6.9253413767511596e-18 4.9202012985129850e-01 -7.6949491771785339e-02 4.9202012985129850e-01 7.6949491771785339e-02 4.9601006492564959e-01 6.9388939039072284e-18
3.2000000000000001e-01 5.0425050946661265e-01 2.0328790734103208e-20 4.9149898106677486e-01 -7.9394564530677308e-02 4.9149898106677486e-01 7.9394564530677308e-02 4.9574949053338768e-01 3.4211388289180104e-49
3.3000000000000002e-01 5.0451922825051121e-01 -6.9388939039072284e-18 4.9096154349897714e-01 -8.1836108655325868e-02 4.9096154349897714e-01 8.1836108655325868e-02 4.9548077174948885e-01 3.4211388289180104e-49
3.4000000000000002e-01 5.0479607948303429e-01 -1.3552527156068805e-20 4.9040784103393120e-01 -8.4274015633060681e-02 4.9040784103393120e-01 8.4274015633060681e-02 4.9520392051696599e-01 3.4211388289180104e-49
3.4999999999999998e-01 5.0508105085972776e-01 -6.9388939039072284e-18 4.8983789828054419e-01 -8.6708177112861828e-02 4.8983789828054419e-01 8.6708177112861828e-02 4.9491894914027240e-01 3.4211388289180104e-49
3.5999999999999999e-01 5.0537412971524431e-01 -5.4738221262688167e-48 4.8925174056951126e-01 -8.9138484910175314e-02 4.8925174056951126e-01 8.9138484910175314e-02 4.9462587028475591e-01 3.4211388289180104e-49
3.7000000000000000e-01 5.0567530302390507e-01 -6.9388939039072284e-18 4.8864939395218987e-01 -9.1564831011721359e-02 4.8864939395218987e-01 9.1564831011721359e-02 4.9432469697609527e-01 6.9388939039072284e-18
3.8000000000000000e-01 5.0598455740027926e-01 0.0000000000000000e+00 4.8803088519944171e-01 -9.3987107580294826e-02 4.8803088519944171e-01 9.3987107580294826e-02 4.9401544259972119e-01 -6.9388939039072284e-18
3.9000000000000001e-01 5.0630187909977864e-01 6.9388939039072284e-18 4.8739624180044272e-01 -9.6405206959558010e-02 4.8739624180044272e-01 9.6405206959558010e-02 4.9369812090022169e-01 -6.9388939039072284e-18
4.0000000000000002e-01 5.0662725401926922e-01 0.0000000000000000e+00 4.8674549196146166e-01 -9.8819021678825475e-02 4.8674549196146166e-01 9.8819021678825475e-02 4.9337274598073116e-01 7.2699200114507722e-49
4.0999999999999998e-01 5.0696066769769654e-01 1.3552527156068805e-20 4.8607866460460664e-01 -1.0122844445784036e-01 4.8607866460460664e-01 1.0122844445784036e-01 4.9303933230230362e-01 9.8357741331392800e-49
4.1999999999999998e-01 5.0730210531673037e-01 1.3552527156068805e-20 4.8539578936653927e-01 -1.0363336821154247e-01 4.8539578936653927e-01 1.0363336821154245e-01 4.9269789468326991e-01 6.8422776578360209e-49
4.2999999999999999e-01 5.0765155170142118e-01 -3.4211388289180104e-49 4.8469689659715776e-01 -1.0603368605482746e-01 4.8469689659715776e-01 1.0603368605482748e-01 4.9234844829857916e-01 1.6678051790975301e-48
4.4000000000000000e-01 5.0800899132087618e-01 0.0000000000000000e+00 4.8398201735824781e-01 -1.0842929130729745e-01 4.8398201735824781e-01 1.0842929130729745e-01 4.9199100867912415e-01 9.8357741331392800e-49
4.5000000000000001e-01 5.0837440828894864e-01 2.7105054312137611e-20 4.8325118342210244e-01 -1.1082007749800216e-01 4.8325118342210244e-01 1.1082007749800216e-01 4.9162559171105158e-01 2.3520329448811322e-48
4.6000000000000002e-01 5.0874778636494500e-01 1.3552527156068805e-20 4.8250442727010956e-01 -1.1320593837017116e-01 4.8250442727010956e-01 1.1320593837017116e-01 4.9125221363505506e-01 6.8422776578360209e-49
4.6999999999999997e-01 5.0912910895434549e-01 6.9117888495950908e-18 4.8174178209130880e-01 -1.1558676788593616e-01 4.8174178209130880e-01 1.1558676788593616e-01 4.9087089104565484e-01 2.0099190619893311e-48
4.7999999999999998e-01 5.0951835910954213e-01 6.8846837952829532e-18 4.8096328178091552e-01 -1.1796246023104397e-01 4.8096328178091552e-01 1.1796246023104397e-01 4.9048164089045809e-01 2.0526832973508063e-48
4.8999999999999999e-01 5.0991551953059211e-01 -8.1315162936412833e-20 4.8016896093881567e-01 -1.2033290981955917e-01 4.8016896093881567e-01 1.2033290981955917e-01 4.9008448046940817e-01 3.0362607106647343e-48
5.0000000000000000e-01 5.1032057256598651e-01 -3.4211388289180104e-49 4.7935885486802676e-01 -1.2269801129855688e-01 4.7935885486802676e-01 1.2269801129855688e-01 4.8967942743401366e-01 1.3684555315672042e-48
5.1000000000000001e-01 5.1073350021343500e-01 -8.1315162936412833e-20 4.7853299957313000e-01 -1.2505765955280521e-01 4.7853299957313000e-01 1.2505765955280521e-01 4.8926649978656528e-01 1.3684555315672042e-48
5.2000000000000002e-01 5.1115428412066555e-01 -5.4210108624275222e-20 4.7769143175866913e-01 -1.2741174970943675e-01 4.7769143175866913e-01 1.2741174970943675e-01 4.8884571587933484e-01 1.3684555315672042e-48
5.3000000000000003e-01 5.1158290558624020e-01 -8.1315162936412833e-20 4.7683418882751955e-01 -1.2976017714260990e-01 4.7683418882751955e-01 1.2976017714260990e-01 4.8841709441376013e-01 1.3256912962057290e-48
5.4000000000000004e-01 5.1201934556038720e-01 -5.4210108624275222e-20 4.7596130887922578e-01 -1.3210283747815854e-01 4.7596130887922578e-01 1.3210283747815854e-01 4.8798065443961314e-01 0.0000000000000000e+00
5.5000000000000004e-01 5.1246358464584552e-01 -2.7105054312137611e-20 4.7507283070830886e-01 -1.3443962659823125e-01 4.7507283070830886e-01 1.3443962659823125e-01 4.8753641535415471e-01 2.7369110631344083e-48
5.6000000000000005e-01 5.1291560309872941e-01 -1.3904892862126594e-17 4.7416879380254101e-01 -1.3677044064591842e-01 4.7416879380254101e-01 1.3677044064591842e-01 4.8708439690127092e-01 2.7369110631344083e-48
5.6999999999999995e-01 5.1337538082940415e-01 5.4210108624275222e-20 4.7324923834119154e-01 -1.3909517602986826e-01 4.7324923834119154e-01 1.3909517602986826e-01 4.8662461917059613e-01 1.3684555315672042e-48
5.7999999999999996e-01 5.1384289740337952e-01 8.1315162936412833e-20 4.7231420519324074e-01 -1.4141372942889088e-01 4.7231420519324074e-01 1.4141372942889088e-01 4.8615710259662076e-01 0.0000000000000000e+00
5.8999999999999997e-01 5.1431813204221832e-01 2.7105054312137611e-20 4.7136373591556346e-01 -1.4372599779655015e-01 4.7136373591556346e-01 1.4372599779655015e-01 4.8568186795778212e-01 -6.8422776578360209e-49
5.9999999999999998e-01 5.1480106362445877e-01 5.4738221262688167e-48 4.7039787275108214e-01 -1.4603187836574372e-01 4.7039787275108214e-01 1.4603187836574372e-01 4.8519893637554146e-01 0.0000000000000000e+00
6.0999999999999999e-01 5.1529167068655524e-01 1.6263032587282567e-19 4.6941665862688964e-01 -1.4833126865327023e-01 4.6941665862688964e-01 1.4833126865327023e-01 4.8470832931344510e-01 1.3684555315672042e-48
6.2000000000000000e-01 5.1578993142382934e-01 -1.3823577699190182e-17 4.6842013715234115e-01 -1.5062406646438437e-01 4.6842013715234115e-01 1.5062406646438437e-01 4.8421006857617088e-01 1.2829270608442539e-48
6.3000000000000000e-01 5.1629582369144211e-01 -1.3877787807814457e-17 4.6740835261711583e-01 -1.5291016989733858e-01 4.6740835261711583e-01 1.5291016989733860e-01 4.8370417630855822e-01 2.6513825924114581e-48
6.4000000000000001e-01 5.1680932500537546e-01 1.0947644252537633e-47 4.6638134998924879e-01 -1.5518947734791216e-01 4.6638134998924874e-01 1.5518947734791216e-01 4.8319067499462470e-01 1.3877787807814457e-17
6.5000000000000002e-01 5.1733041254343382e-01 1.0842021724855044e-19 4.6533917491313204e-01 -1.5746188751392695e-01 4.6533917491313204e-01 1.5746188751392692e-01 4.8266958745656635e-01 1.3877787807814457e-17
6.6000000000000003e-01 5.1785906314625674e-01 0.0000000000000000e+00 4.6428187370748658e-01 -1.5972729939974967e-01 4.6428187370748658e-01 1.5972729939974964e-01 4.8214093685374371e-01 -8.5528470722950261e-49
6.7000000000000004e-01 5.1839525331834846e-01 -1.3931997916438732e-17 4.6320949336330269e-01 -1.6198561232078038e-01 4.6320949336330269e-01 1.6198561232078035e-01 4.8160474668165165e-01 1.3877787807814457e-17
6.8000000000000005e-01 5.1893895922912359e-01 0.0000000000000000e+00 4.6212208154175299e-01 -1.6423672590792782e-01 4.6212208154175299e-01 1.6423672590792782e-01 4.8106104077087680e-01 -1.3684555315672042e-48
6.8999999999999995e-01 5.1949015671396381e-01 -5.4738221262688167e-48 4.6101968657207221e-01 -1.6648054011206967e-01 4.6101968657207221e-01 1.6648054011206967e-01 4.8050984328603646e-01 1.3877787807814457e-17
6.9999999999999996e-01 5.2004882127529417e-01 -1.3877787807814457e-17 4.5990235744941121e-01 -1.6871695520849961e-01 4.5990235744941121e-01 1.6871695520849961e-01 4.7995117872470588e-01 -2.0526832973508063e-48
7.0999999999999996e-01 5.2061492808367082e-01 -1.3931997916438732e-17 4.5877014383265818e-01 -1.7094587180135923e-01 4.5877014383265818e-01 1.7094587180135923e-01 4.7938507191632940e-01 1.3877787807814457e-17
7.1999999999999997e-01 5.2118845197888397e-01 -1.3877787807814457e-17 4.5762309604223184e-01 -1.7316719082805584e-01 4.5762309604223184e-01 1.7316719082805584e-01 4.7881154802111625e-01 1.3877787807814457e-17
7.2999999999999998e-01 5.2176936747107738e-01 0.0000000000000000e+00 4.5646126505784523e-01 -1.7538081356366486e-01 4.5646126505784523e-01 1.7538081356366486e-01 4.7823063252892289e-01 1.3877787807814457e-17
7.3999999999999999e-01 5.2235764874188007e-01 -1.0947644252537633e-47 4.5528470251623970e-01 -1.7758664162531812e-01 4.5528470251623965e-01 1.7758664162531812e-01 4.7764235125812016e-01 1.3877787807814457e-17
7.5000000000000000e-01 5.2295326964555500e-01 0.0000000000000000e+00 4.5409346070889006e-01 -1.7978457697657585e-01 4.5409346070889006e-01 1.7978457697657588e-01 4.7704673035444534e-01 1.3877787807814457e-17
7.6000000000000001e-01 5.2355620371015954e-01 -1.0947644252537633e-47 4.5288759257968064e-01 -1.8197452193178437e-01 4.5288759257968064e-01 1.8197452193178437e-01 4.7644379628984057e-01 1.3877787807814457e-17
7.7000000000000002e-01 5.2416642413872394e-01 0.0000000000000000e+00 4.5166715172255190e-01 -1.8415637916041711e-01 4.5166715172255190e-01 1.8415637916041713e-01 4.7583357586127617e-01 -3.4211388289180104e-48
7.8000000000000003e-01 5.2478390381044049e-01 1.3877787807814457e-17 4.5043219237911902e-01 -1.8633005169140099e-01 4.5043219237911902e-01 1.8633005169140099e-01 4.7521609618955984e-01 -7.6975623650655235e-49
7.9000000000000004e-01 5.2540861528186966e-01 0.0000000000000000e+00 4.4918276943626051e-01 -1.8849544291742570e-01 4.4918276943626051e-01 1.8849544291742570e-01 4.7459138471813067e-01 -1.3877787807814457e-17
8.0000000000000004e-01 5.2604053078816038e-01 1.3877787807814457e-17 4.4791893842367930e-01 -1.9065245659923763e-01 4.4791893842367930e-01 1.9065245659923763e-01 4.7395946921184007e-01 -2.2237402387967068e-48
8.1000000000000005e-01 5.2667962224428266e-01 1.0842021724855044e-19 4.4664075551143440e-01 -1.9280099686991714e-01 4.4664075551143434e-01 1.9280099686991714e-01 4.7332037775571761e-01 -2.0526832973508063e-48
8.1999999999999995e-01 5.2732586124627734e-01 -1.0947644252537633e-47 4.4534827750744510e-01 -1.9494096823913915e-01 4.4534827750744510e-01 1.9494096823913915e-01 4.7267413875372283e-01 -2.2237402387967068e-48
8.2999999999999996e-01 5.2797921907251733e-01 0.0000000000000000e+00 4.4404156185496535e-01 -1.9707227559741730e-01 4.4404156185496535e-01 1.9707227559741730e-01 4.7202078092748295e-01 -1.3877787807814457e-17
8.3999999999999997e-01 5.2863966668498419e-01 1.3877787807814457e-17 4.4272066663003140e-01 -1.9919482422033097e-01 4.4272066663003140e-01 1.9919482422033097e-01 4.7136033331501603e-01 -7.6975623650655235e-49
8.4999999999999998e-01 5.2930717473055999e-01 -6.8422776578360209e-49 4.4138565053888013e-01 -2.0130851977273520e-01 4.4138565053888007e-01 2.0130851977273520e-01 4.7069282526944034e-01 -7.6975623650655235e-49
8.5999999999999999e-01 5.2998171354232970e-01 0.0000000000000000e+00 4.4003657291534032e-01 -2.0341326831295331e-01 4.4003657291534032e-01 2.0341326831295331e-01 4.7001828645767046e-01 -1.3877787807814457e-17
8.7000000000000000e-01 5.3066325314090224e-01 2.1684043449710089e-19 4.3867349371819547e-01 -2.0550897629695231e-01 4.3867349371819547e-01 2.0550897629695231e-01 4.6933674685909810e-01 -2.0526832973508063e-48
8.8000000000000000e-01 5.3135176323574052e-01 -6.8422776578360209e-49 4.3729647352851875e-01 -2.0759555058249995e-01 4.3729647352851875e-01 2.0759555058249995e-01 4.6864823676425971e-01 -6.8422776578360209e-49
8.9000000000000001e-01 5.3204721322650950e-01 0.0000000000000000e+00 4.3590557354698078e-01 -2.0967289843330492e-01 4.3590557354698078e-01 2.0967289843330492e-01 4.6795278677349061e-01 -1.3684555315672042e-48
9.0000000000000002e-01 5.3274957220443497e-01 -6.8422776578360209e-49 4.3450085559112978e-01 -2.1174092752313797e-01 4.3450085559112978e-01 2.1174092752313797e-01 4.6725042779556519e-01 -1.7105694144590052e-49
9.1000000000000003e-01 5.3345880895367837e-01 0.0000000000000000e+00 4.3308238209264338e-01 -2.1379954593993550e-01 4.3308238209264338e-01 2.1379954593993550e-01 4.6654119104632202e-01 0.0000000000000000e+00
9.2000000000000004e-01 5.3417489195272250e-01 1.0842021724855044e-19 4.3165021609455489e-01 -2.1584866218988455e-01 4.3165021609455489e-01 2.1584866218988455e-01 4.6582510804727773e-01 1.2829270608442539e-48
9.3000000000000005e-01 5.3489778937577470e-01 -1.0842021724855044e-19 4.3020442124845060e-01 -2.1788818520148912e-01 4.3020442124845060e-01 2.1788818520148912e-01 4.6510221062422569e-01 -8.5528470722950261e-50
9.3999999999999995e-01 5.3562746909417924e-01 -3.2526065174565133e-19 4.2874506181164135e-01 -2.1991802432961766e-01 4.2874506181164135e-01 2.1991802432961766e-01 4.6437253090582109e-01 -1.3684555315672042e-48
9.4999999999999996e-01 5.3636389867784684e-01 -3.2526065174565133e-19 4.2727220264430621e-01 -2.2193808935953202e-01 4.2727220264430621e-01 2.2193808935953202e-01 4.6363610132215344e-01 -8.5528470722950261e-50
9.5999999999999996e-01 5.3710704539669485e-01 -4.3368086899420177e-19 4.2578590920661008e-01 -2.2394829051089668e-01 4.2578590920661008e-01 2.2394829051089668e-01 4.6289295460330532e-01 1.3684555315672042e-48
9.6999999999999997e-01 5.3785687622210243e-01 -4.3368086899420177e-19 4.2428624755579469e-01 -2.2594853844176924e-01 4.2428624755579469e-01 2.2594853844176924e-01 4.6214312377789768e-01 -1.4539840022901544e-48
9.7999999999999998e-01 5.3861335782837905e-01 -6.5052130349130266e-19 4.2277328434324196e-01 -2.2793874425257077e-01 4.2277328434324196e-01 2.2793874425257077e-01 4.6138664217162123e-01 -8.5528470722950261e-50
9.8999999999999999e-01 5.3937645659424360e-01 5.4738221262688167e-48 4.2124708681151235e-01 -2.2991881949003737e-01 4.2124708681151235e-01 2.2991881949003737e-01 4.6062354340575651e-01 -1.3684555315672042e-48
1.0000000000000000e+00 5.4014613860432192e-01 -2.1684043449710089e-19 4.1970772279135588e-01 -2.3188867615115105e-01 4.1970772279135588e-01 2.3188867615115105e-01 4.5985386139567830e-01 -8.5528470722950261e-50
