# ProcessTensors.jl reduced density matrix
# t re00 im00 re01 im01 re10 im10 re11 im11
0.0000000000000000e+00 4.9999999999999989e-01 0.0000000000000000e+00 4.9999999999999989e-01 0.0000000000000000e+00 4.9999999999999989e-01 0.0000000000000000e+00 4.9999999999999989e-01 0.0000000000000000e+00
1.0000000000000000e-02 5.0000416663386726e-01 3.7266474924395194e-20 4.9999166668729111e-01 -2.4999809027604985e-03 4.9999166668729111e-01 2.4999809027604985e-03 4.9999583333659636e-01 2.2524317397339277e-21
2.0000000000000000e-02 5.0001666639339504e-01 -1.1947337310685547e-20 4.9996666716247468e-01 -4.9998506957281020e-03 4.9996666716247468e-01 4.9998506957281020e-03 4.9998333357451258e-01 9.2994431455906851e-20
2.9999999999999999e-02 5.0003749870851955e-01 -7.0519923194809258e-20 4.9992500252186856e-01 -7.4994982740493365e-03 4.9992500252186856e-01 7.4994982740493365e-03 4.9996250125452368e-01 2.0741292146056949e-19
4.0000000000000001e-02 5.0006666265360677e-01 -1.9173184413463456e-19 4.9986667461722623e-01 -9.9988125427468936e-03 4.9986667461722623e-01 9.9988125427468936e-03 4.9993333730250694e-01 3.2836118807939397e-19
5.0000000000000003e-02 5.0010415693272403e-01 -3.1876130849247143e-19 4.9979168604088819e-01 -1.2497682421657172e-02 4.9979168604088819e-01 1.2497682421657171e-02 4.9989584301463291e-01 4.7031506627596696e-19
5.9999999999999998e-02 5.0014997987969767e-01 -4.9129584726620429e-19 4.9970004012566593e-01 -1.4995996850367142e-02 4.9970004012566593e-01 1.4995996850367141e-02 4.9985002005730828e-01 6.5934575968983690e-19
7.0000000000000007e-02 5.0020412945818704e-01 -7.1460179304254164e-19 4.9959174094469411e-01 -1.7493644793150374e-02 4.9959174094469411e-01 1.7493644793150371e-02 4.9979587046710106e-01 8.6683911145940791e-19
8.0000000000000002e-02 5.0026660326177563e-01 -8.8867868329844501e-19 4.9946679331124916e-01 -1.9990515243901892e-02 4.9946679331124927e-01 1.9990515243901892e-02 4.9973339665065059e-01 1.1347557949656969e-18
8.9999999999999997e-02 5.0033739851407744e-01 -9.8495317685766183e-19 4.9932520277853548e-01 -2.2486497231071805e-02 4.9932520277853559e-01 2.2486497231071805e-02 4.9966260138456003e-01 1.3570765694843405e-18
1.0000000000000001e-01 5.0041651206886084e-01 -1.1407927703738619e-18 4.9916697563943929e-01 -2.4981479822597345e-02 4.9916697563943940e-01 2.4981479822597345e-02 4.9958348781527401e-01 1.5029921738080491e-18
1.1000000000000000e-01 5.0050394041018842e-01 -1.4084450941450148e-18 4.9899211892624717e-01 -2.7475352130833068e-02 4.9899211892624729e-01 2.7475352130833068e-02 4.9949605945893705e-01 1.7043760906600326e-18
1.2000000000000000e-01 5.0059967965257268e-01 -1.6208788286346717e-18 4.9880064041033612e-01 -2.9968003317479296e-02 4.9880064041033623e-01 2.9968003317479296e-02 4.9940032020123881e-01 1.8919165126601043e-18
1.3000000000000000e-01 5.0070372554114961e-01 -1.8046552760881910e-18 4.9859254860182556e-01 -3.2459322598508131e-02 4.9859254860182567e-01 3.2459322598508145e-02 4.9929627429724038e-01 2.0806913551659293e-18
1.4000000000000001e-01 5.0081607345186618e-01 -1.9478171604832710e-18 4.9836785274920192e-01 -3.4949199249087362e-02 4.9836785274920203e-01 3.4949199249087383e-02 4.9918392637118641e-01 2.4091291933372776e-18
1.4999999999999999e-01 5.0093671839168796e-01 -2.0083986023508375e-18 4.9812656283890405e-01 -3.7437522608501243e-02 4.9812656283890416e-01 3.7437522608501271e-02 4.9906328141629841e-01 2.7282216955585034e-18
1.6000000000000000e-01 5.0106565499881961e-01 -2.1152043190260568e-18 4.9786868959488279e-01 -3.9924182085069017e-02 4.9786868959488290e-01 3.9924182085069045e-02 4.9893434479455284e-01 2.8109490513513846e-18
1.7000000000000001e-01 5.0120287754294268e-01 -2.0387771095721892e-18 4.9759424447812184e-01 -4.2409067161059903e-02 4.9759424447812189e-01 4.2409067161059924e-02 4.9879712223644407e-01 2.9476445566506279e-18
1.7999999999999999e-01 5.0134837992547254e-01 -2.6207504435267238e-18 4.9730323968613033e-01 -4.4892067397605102e-02 4.9730323968613044e-01 4.4892067397605130e-02 4.9865161984072848e-01 3.5256047625783659e-18
1.9000000000000000e-01 5.0150215567982692e-01 -3.2725473520373352e-18 4.9699568815239925e-01 -4.7373072439606034e-02 4.9699568815239942e-01 4.7373072439606062e-02 4.9849784407415365e-01 3.8929915705500428e-18
2.0000000000000001e-01 5.0166419797171491e-01 -3.3068669795714188e-18 4.9667160354582712e-01 -4.9851972020639075e-02 4.9667160354582723e-01 4.9851972020639110e-02 4.9833580177117121e-01 4.1413529440218886e-18
2.0999999999999999e-01 5.0183449959943993e-01 -4.3354747937990429e-18 4.9633100027011301e-01 -5.2328655967856283e-02 4.9633100027011312e-01 5.2328655967856325e-02 4.9816550013363281e-01 4.8588589101180031e-18
2.2000000000000000e-01 5.0201305299422017e-01 -5.0672968579393944e-18 4.9597389346311571e-01 -5.4803014206881905e-02 4.9597389346311582e-01 5.4803014206881946e-02 4.9798694673047045e-01 5.6528366532396039e-18
2.3000000000000001e-01 5.0219985022052516e-01 -6.2470009365420184e-18 4.9560029899618085e-01 -5.7274936766704504e-02 4.9560029899618097e-01 5.7274936766704546e-02 4.9780014949735929e-01 6.8977552295714695e-18
2.3999999999999999e-01 5.0239488297642754e-01 -7.7448167043212278e-18 4.9521023347343568e-01 -5.9744313784564594e-02 4.9521023347343573e-01 5.9744313784564636e-02 4.9760511673636598e-01 8.3752515072814914e-18
2.5000000000000000e-01 5.0259814259397306e-01 -9.4260139038299577e-18 4.9480371423105213e-01 -6.2211035510837495e-02 4.9480371423105218e-01 6.2211035510837537e-02 4.9740185711557910e-01 9.8761784899156555e-18
2.6000000000000001e-01 5.0280962003956531e-01 -1.0842797761115742e-17 4.9438075933647457e-01 -6.4674992313910884e-02 4.9438075933647463e-01 6.4674992313910940e-02 4.9719037966872404e-01 1.1261424591456839e-17
2.7000000000000002e-01 5.0302930591436790e-01 -1.1947025668488063e-17 4.9394138758761835e-01 -6.7136074685057529e-02 4.9394138758761841e-01 6.7136074685057584e-02 4.9697069379476116e-01 1.2418717995649091e-17
2.8000000000000003e-01 5.0325719045472062e-01 -1.3232152772871836e-17 4.9348561851203293e-01 -6.9594173243301985e-02 4.9348561851203299e-01 6.9594173243302068e-02 4.9674280925746839e-01 1.3687150251495749e-17
2.8999999999999998e-01 5.0349326353257506e-01 -1.3410719103294731e-17 4.9301347236603538e-01 -7.2049178740282355e-02 4.9301347236603543e-01 7.2049178740282438e-02 4.9650673618500757e-01 1.3960851845511307e-17
2.9999999999999999e-01 5.0373751465594374e-01 -1.4651087954814950e-17 4.9252497013380903e-01 -7.4500982065105442e-02 4.9252497013380908e-01 7.4500982065105512e-02 4.9626248506947357e-01 1.5041148040535791e-17
3.1000000000000000e-01 5.0398993295008077e-01 -1.5806496880658284e-17 4.9202013352648144e-01 -7.6949474249198110e-02 4.9202013352648150e-01 7.6949474249198194e-02 4.9601006676643922e-01 1.6271324013894322e-17
3.2000000000000001e-01 5.0425050721361031e-01 -1.6208200384633444e-17 4.9149898498113831e-01 -7.9394546471146438e-02 4.9149898498113831e-01 7.9394546471146521e-02 4.9574949249445088e-01 1.6599119166381841e-17
3.3000000000000002e-01 5.0451922586552977e-01 -1.7797371337901023e-17 4.9096154765983785e-01 -8.1836090061534320e-02 4.9096154765983785e-01 8.1836090061534417e-02 4.9548077383454098e-01 1.8013450405934368e-17
3.4000000000000002e-01 5.0479607696286222e-01 -1.9858266844236706e-17 4.9040784544858135e-01 -8.4273996507773244e-02 4.9040784544858135e-01 8.4273996507773355e-02 4.9520392272971447e-01 1.9852882237371968e-17
3.4999999999999998e-01 5.0508104820118993e-01 -2.2099511288953381e-17 4.8983790295625007e-01 -8.6708157458924601e-02 4.8983790295625013e-01 8.6708157458924739e-02 4.9491895148441556e-01 2.2185427738188243e-17
3.5999999999999999e-01 5.0537412691519901e-01 -2.5645401441033232e-17 4.8925174551351308e-01 -8.9138464730515773e-02 4.8925174551351314e-01 8.9138464730515926e-02 4.9462587276398312e-01 2.5352801672726329e-17
3.7000000000000000e-01 5.0567530007924355e-01 -2.7992719274311560e-17 4.8864939917170053e-01 -9.1564810309347835e-02 4.8864939917170053e-01 9.1564810309348002e-02 4.9432469959408604e-01 2.7940288639121959e-17
3.8000000000000000e-01 5.0598455430792422e-01 -2.9777906123589004e-17 4.8803089070164629e-01 -9.3987086358296459e-02 4.8803089070164624e-01 9.3987086358296626e-02 4.9401544536014563e-01 2.9739542332226418e-17
3.9000000000000001e-01 5.0630187585668185e-01 -3.1754269808493082e-17 4.8739624759249794e-01 -9.6405185221104583e-02 4.8739624759249794e-01 9.6405185221104736e-02 4.9369812380674005e-01 3.1795776391048764e-17
4.0000000000000002e-01 5.0662725062241132e-01 -3.4612427116221688e-17 4.8674549805049472e-01 -9.8818999427166945e-02 4.8674549805049472e-01 9.8818999427167084e-02 4.9337274903699324e-01 3.4418015007285870e-17
4.0999999999999998e-01 5.0696066414408492e-01 -3.8198086990994948e-17 4.8607867099771457e-01 -1.0122842169630671e-01 4.8607867099771462e-01 1.0122842169630684e-01 4.9303933551194895e-01 3.7672367849257932e-17
4.1999999999999998e-01 5.0730210160339806e-01 -4.2112415324654915e-17 4.8539579607078837e-01 -1.0363334494354340e-01 4.8539579607078848e-01 1.0363334494354356e-01 4.9269789804992714e-01 4.1672468158693094e-17
4.2999999999999999e-01 5.0765154782542488e-01 -4.5354802807757644e-17 4.8469690361958301e-01 -1.0603366228385230e-01 4.8469690361958301e-01 1.0603366228385247e-01 4.9234845182586606e-01 4.5069567045136308e-17
4.4000000000000000e-01 5.0800898727929589e-01 -4.7719358739497211e-17 4.8398202470585194e-01 -1.0842926703691472e-01 4.8398202470585189e-01 1.0842926703691487e-01 4.9199101237064735e-01 4.7782314298593385e-17
4.5000000000000001e-01 5.0837440407888612e-01 -4.9621382528384340e-17 4.8325119110185505e-01 -1.1082005273185935e-01 4.8325119110185499e-01 1.1082005273185953e-01 4.9162559557040614e-01 4.9710521432691314e-17
4.6000000000000002e-01 5.0874778198352100e-01 -5.0816062683537431e-17 4.8250443528894632e-01 -1.1320591311199436e-01 4.8250443528894638e-01 1.1320591311199457e-01 4.9125221766582466e-01 5.0896803411086424e-17
4.6999999999999997e-01 5.0912910439869963e-01 -5.2297251721029441e-17 4.8174179045613102e-01 -1.1558674213952985e-01 4.8174179045613102e-01 1.1558674213953007e-01 4.9087089525141042e-01 5.2059933454862479e-17
4.7999999999999998e-01 5.0951835437683124e-01 -5.3853825518564647e-17 4.8096329049858982e-01 -1.1796243400029081e-01 4.8096329049858982e-01 1.1796243400029102e-01 4.9048164527475901e-01 5.3495312011970899e-17
4.8999999999999999e-01 5.0991551461798856e-01 -5.5143219907438501e-17 4.8016897001617237e-01 -1.2033288310841951e-01 4.8016897001617231e-01 1.2033288310841973e-01 4.9008448503580093e-01 5.5230504857388661e-17
5.0000000000000000e-01 5.1032056747067689e-01 -5.7065714217087134e-17 4.7935886431185981e-01 -1.2269798411106858e-01 4.7935886431185970e-01 1.2269798411106879e-01 4.8967943218603210e-01 5.7485183023654463e-17
5.1000000000000001e-01 5.1073349493261899e-01 -5.9307937300924823e-17 4.7853300939019550e-01 -1.2505763189308314e-01 4.7853300939019539e-01 1.2505763189308336e-01 4.8926650472772998e-01 5.9449638997633620e-17
5.2000000000000002e-01 5.1115427865155438e-01 -5.8149693719667582e-17 4.7769144195568553e-01 -1.2741172158167277e-01 4.7769144195568541e-01 1.2741172158167302e-01 4.8884572101315316e-01 5.8851587884408512e-17
5.3000000000000003e-01 5.1158289992605588e-01 -5.7918792457955533e-17 4.7683419941116673e-01 -1.2976014855107237e-01 4.7683419941116661e-01 1.2976014855107262e-01 4.8841709974372599e-01 5.8755813356113326e-17
5.4000000000000004e-01 5.1201933970635882e-01 -5.8083845354483039e-17 4.7596131985614432e-01 -1.3210280842719205e-01 4.7596131985614437e-01 1.3210280842719227e-01 4.8798065996920703e-01 5.9115115904471618e-17
5.5000000000000004e-01 5.1246357859521152e-01 -5.7875751067773727e-17 4.7507284208509865e-01 -1.3443959709225603e-01 4.7507284208509865e-01 1.3443959709225625e-01 4.8753642108684248e-01 5.8964139977138461e-17
5.6000000000000005e-01 5.1291559684873278e-01 -5.8551138048387569e-17 4.7416880558576163e-01 -1.3677041068943030e-01 4.7416880558576163e-01 1.3677041068943058e-01 4.8708440284050430e-01 5.9471447883675068e-17
5.6999999999999995e-01 5.1337537437729319e-01 -5.9636654511791888e-17 4.7324925053736033e-01 -1.3909514562743813e-01 4.7324925053736033e-01 1.3909514562743841e-01 4.8662462531981238e-01 6.0346596150009840e-17
5.7999999999999996e-01 5.1384289074640521e-01 -6.2049977264510620e-17 4.7231421780883365e-01 -1.4141369858516456e-01 4.7231421780883365e-01 1.4141369858516481e-01 4.8615710895924230e-01 6.2313792326039472e-17
5.8999999999999997e-01 5.1431812517763409e-01 -6.2479001392900725e-17 4.7136374895701244e-01 -1.4372596651624761e-01 4.7136374895701244e-01 1.4372596651624781e-01 4.8568187453721628e-01 6.2958772984010530e-17
5.9999999999999998e-01 5.1480105654951813e-01 -6.2703918441924423e-17 4.7039788622477635e-01 -1.4603184665365912e-01 4.7039788622477652e-01 1.4603184665365937e-01 4.8519894317518042e-01 6.2782002948561524e-17
6.0999999999999999e-01 5.1529166339851040e-01 -6.4803347543170020e-17 4.6941667253917407e-01 -1.4833123651427157e-01 4.6941667253917418e-01 1.4833123651427182e-01 4.8470833633666544e-01 6.4702155331382498e-17
6.2000000000000000e-01 5.1578992391993128e-01 -6.7386830346467044e-17 4.6842015150951527e-01 -1.5062403390341272e-01 4.6842015150951544e-01 1.5062403390341295e-01 4.8421007582633296e-01 6.7462599762154718e-17
6.3000000000000000e-01 5.1629581596893759e-01 -6.9241403284719384e-17 4.6740836742543346e-01 -1.5291013691940789e-01 4.6740836742543362e-01 1.5291013691940808e-01 4.8370418378900681e-01 6.9538077784807327e-17
6.4000000000000001e-01 5.1680931706150601e-01 -7.2393643869232629e-17 4.6638136525491736e-01 -1.5518944395810885e-01 4.6638136525491741e-01 1.5518944395810902e-01 4.8319068270868804e-01 7.2755519658906298e-17
6.5000000000000002e-01 5.1733040437543476e-01 -7.6968761424088891e-17 4.6533919064231249e-01 -1.5746185371740967e-01 4.6533919064231255e-01 1.5746185371740987e-01 4.8266959540755638e-01 7.7278843391903661e-17
6.6000000000000003e-01 5.1785905475135574e-01 -8.3076290810848210e-17 4.6428188990629188e-01 -1.5972726520174879e-01 4.6428188990629193e-01 1.5972726520174896e-01 4.8214094504495530e-01 8.3123296139671621e-17
6.7000000000000004e-01 5.1839524469376475e-01 -8.6994483034417275e-17 4.6320951003779703e-01 -1.6198557772659741e-01 4.6320951003779715e-01 1.6198557772659766e-01 4.8160475511636291e-01 8.6862996423614799e-17
6.8000000000000005e-01 5.1893895037206494e-01 -9.2474419037554426e-17 4.6212209869795218e-01 -1.6423669092293530e-01 4.6212209869795234e-01 1.6423669092293555e-01 4.8106104945234851e-01 9.2225270058178798e-17
6.8999999999999995e-01 5.1949014762162737e-01 -9.8626455901868272e-17 4.6101970421594191e-01 -1.6648050474171050e-01 4.6101970421594224e-01 1.6648050474171078e-01 4.8050985221751136e-01 9.8647794003671808e-17
6.9999999999999996e-01 5.2004881194486374e-01 -1.0570282371520384e-16 4.5990237558686686e-01 -1.6871691945828671e-01 4.5990237558686708e-01 1.6871691945828698e-01 4.7995118790940955e-01 1.0537721531765223e-16
7.0999999999999996e-01 5.2061491851231545e-01 -1.1186100081475847e-16 4.5877016246956415e-01 -1.7094583567687505e-01 4.5877016246956448e-01 1.7094583567687538e-01 4.7938508135746888e-01 1.1184412815426177e-16
7.1999999999999997e-01 5.2118844216375704e-01 -1.2063881153456813e-16 4.5762311518440080e-01 -1.7316715433495194e-01 4.5762311518440130e-01 1.7316715433495236e-01 4.7881155772188061e-01 1.2055867233308879e-16
7.2999999999999998e-01 5.2176935740931552e-01 -1.2914663465682263e-16 4.5646128471103770e-01 -1.7538077670766167e-01 4.5646128471103820e-01 1.7538077670766211e-01 4.7823064249248248e-01 1.2926708349787366e-16
7.3999999999999999e-01 5.2235763841864735e-01 -1.3731936839594492e-16 4.5528472268616405e-01 -1.7758660441220453e-01 4.5528472268616449e-01 1.7758660441220500e-01 4.7764236148762790e-01 1.3806247582022315e-16
7.5000000000000000e-01 5.2295325905778622e-01 -1.4665730592509503e-16 4.5409348140120115e-01 -1.7978453941220862e-01 4.5409348140120159e-01 1.7978453941220918e-01 4.7704674085303511e-01 1.4739058398492025e-16
7.6000000000000001e-01 5.2355619285479404e-01 -1.5638701537124902e-16 4.5288761379997933e-01 -1.8197448402208763e-01 4.5288761379997972e-01 1.8197448402208824e-01 4.7644380706062683e-01 1.5690370114389616e-16
7.7000000000000002e-01 5.2416641301270461e-01 -1.6519888198594940e-16 4.5166717347638397e-01 -1.8415634091138194e-01 4.5166717347638452e-01 1.8415634091138258e-01 4.7583358690735394e-01 1.6547075111797313e-16
7.8000000000000003e-01 5.2478389241071444e-01 -1.7509014499593835e-16 4.5043221467197436e-01 -1.8633001310908462e-01 4.5043221467197492e-01 1.8633001310908526e-01 4.7521610751400428e-01 1.7526063416344106e-16
7.9000000000000004e-01 5.2540860360538788e-01 -1.8316336366711346e-16 4.4918279227357316e-01 -1.8849540400795137e-01 4.4918279227357377e-01 1.8849540400795206e-01 4.7459139632399672e-01 1.8371616339812234e-16
8.0000000000000004e-01 5.2604051883187697e-01 -1.8965392990906087e-16 4.4791896181082658e-01 -1.9065241736879404e-01 4.4791896181082713e-01 1.9065241736879476e-01 4.7395948110216274e-01 1.9033366910658385e-16
8.1000000000000005e-01 5.2667961000515451e-01 -1.9346206203881352e-16 4.4664077945373620e-01 -1.9280095732475785e-01 4.4664077945373681e-01 1.9280095732475860e-01 4.7332038993351155e-01 1.9419134880288808e-16
8.1999999999999995e-01 5.2732584872126365e-01 -1.9933809950738331e-16 4.4534830201016323e-01 -1.9494092838558225e-01 4.4534830201016373e-01 1.9494092838558297e-01 4.7267415122198198e-01 2.0027415370261307e-16
8.2999999999999996e-01 5.2797920625857986e-01 -2.0469785303394277e-16 4.4404158692330303e-01 -1.9707223544184466e-01 4.4404158692330348e-01 1.9707223544184538e-01 4.7202079368917998e-01 2.0504401497079227e-16
8.3999999999999997e-01 5.2863965357908627e-01 -2.1509229224430170e-16 4.4272069226913263e-01 -1.9919478376918803e-01 4.4272069226913302e-01 1.9919478376918875e-01 4.7136034637310259e-01 2.1563050304775390e-16
8.4999999999999998e-01 5.2930716132966593e-01 -2.2809227537946040e-16 4.4138567675382856e-01 -2.0130847903253005e-01 4.4138567675382895e-01 2.0130847903253080e-01 4.7069283862684669e-01 2.2814547569576486e-16
8.5999999999999999e-01 5.2998169984340637e-01 -2.3521573137703854e-16 4.4003659971115927e-01 -2.0341322729025643e-01 4.4003659971115966e-01 2.0341322729025721e-01 4.7001830011730483e-01 2.3526026145562414e-16
8.7000000000000000e-01 5.3066323914091651e-01 -2.4483663545514668e-16 4.3867352109984775e-01 -2.0550893499839631e-01 4.3867352109984808e-01 2.0550893499839717e-01 4.6933676082384729e-01 2.4485039942953514e-16
8.8000000000000000e-01 5.3135174893166026e-01 -2.5588473179889160e-16 4.3729650150090510e-01 -2.0759550901477861e-01 4.3729650150090560e-01 2.0759550901477961e-01 4.6864825103698843e-01 2.5608947155942604e-16
8.9000000000000001e-01 5.3204719861530259e-01 -2.6552830449506331e-16 4.3590560211494039e-01 -2.0967285660317297e-01 4.3590560211494100e-01 2.0967285660317406e-01 4.6795280135704120e-01 2.6607467224099305e-16
9.0000000000000002e-01 5.3274955728306972e-01 -2.7878671272872947e-16 4.3450088475943821e-01 -2.1174088543741029e-01 4.3450088475943893e-01 2.1174088543741143e-01 4.6725044269275701e-01 2.7912675012769001e-16
9.1000000000000003e-01 5.3345879371912230e-01 -2.9614333326941337e-16 4.3308241186601371e-01 -2.1379950360548691e-01 4.3308241186601437e-01 2.1379950360548808e-01 4.6654120625995205e-01 2.9643128795880592e-16
9.2000000000000004e-01 5.3417487640194294e-01 -3.1403592271425153e-16 4.3165024647763578e-01 -2.1584861961364887e-01 4.3165024647763645e-01 2.1584861961365004e-01 4.6582512358011979e-01 3.1425610292820949e-16
9.3000000000000005e-01 5.3489777350573708e-01 -3.3313553666606959e-16 4.3020445224582610e-01 -2.1788814239045867e-01 4.3020445224582671e-01 2.1788814239045987e-01 4.6510222647903032e-01 3.3332408025199241e-16
9.3999999999999995e-01 5.3562745290184888e-01 -3.5029493323068815e-16 4.2874509342783096e-01 -2.1991798129084331e-01 4.2874509342783146e-01 2.1991798129084453e-01 4.6437254708531550e-01 3.5049309118906349e-16
9.4999999999999996e-01 5.3636388216018682e-01 -3.6162573505448253e-16 4.2727223488376342e-01 -2.2193804610012169e-01 4.2727223488376387e-01 2.2193804610012297e-01 4.6363611782904113e-01 3.6165194176807441e-16
9.5999999999999996e-01 5.3710702855066661e-01 -3.7341095679446816e-16 4.2578594207372250e-01 -2.2394824703801541e-01 4.2578594207372300e-01 2.2394824703801675e-01 4.6289297144026575e-01 3.7323526809335839e-16
9.6999999999999997e-01 5.3785685904466529e-01 -3.8301065163410610e-16 4.2428628105488297e-01 -2.2594849476263840e-01 4.2428628105488336e-01 2.2594849476263976e-01 4.6214314094758602e-01 3.8310124151264702e-16
9.7999999999999998e-01 5.3861334031646124e-01 -4.0132661802683723e-16 4.2277331847851568e-01 -2.2793870037452071e-01 4.2277331847851596e-01 2.2793870037452213e-01 4.6138665967669618e-01 4.0146220592840317e-16
9.8999999999999999e-01 5.3937643874471286e-01 -4.1529503026231565e-16 4.2124712158703415e-01 -2.2991877542055189e-01 4.2124712158703442e-01 2.2991877542055333e-01 4.6062356124891163e-01 4.1554930948634377e-16
1.0000000000000000e+00 5.4014612041404064e-01 -4.2359719600438464e-16 4.1970775821111750e-01 -2.3188863189777351e-01 4.1970775821111761e-01 2.3188863189777492e-01 4.5985387957958390e-01 4.2387682039420240e-16
