# Relative Frobenius error ||rho-rho_ED||_F / ||rho_ED||_F
# t julia_vs_ed cpp_vs_ed julia_vs_cpp
0.0000000000000000e+00 5.4389598220420719e-16 3.8459253727671266e-16 2.2204460492503131e-16
1.0000000000000000e-02 8.1889769393135141e-10 8.1841800478096915e-10 2.8888571803618129e-11
2.0000000000000000e-02 1.6371065186364136e-09 1.6368735197387802e-09 2.9835578870929152e-11
2.9999999999999999e-02 2.4556010979604816e-09 2.4553926854715194e-09 3.2795849111027588e-11
4.0000000000000001e-02 3.2742915514026782e-09 3.2740016495937697e-09 3.8087652493242219e-11
5.0000000000000003e-02 4.0931909813394286e-09 4.0927264948799897e-09 4.5694791532625059e-11
5.9999999999999998e-02 4.9123269448491103e-09 4.9115933059544553e-09 5.5360177264730006e-11
7.0000000000000007e-02 5.7317289977575606e-09 5.7306281671089703e-09 6.6742601890553882e-11
8.0000000000000002e-02 6.5514256088880534e-09 6.5498569839988477e-09 7.9509380524161422e-11
8.9999999999999997e-02 7.3714433870281894e-09 7.3693057507052000e-09 9.3364159186574262e-11
1.0000000000000001e-01 8.1918068385427001e-09 8.1890003245313660e-09 1.0803796801078340e-10
1.1000000000000000e-01 9.0125382636537296e-09 9.0089666426063883e-09 1.2328712096230016e-10
1.2000000000000000e-01 9.8336579014984616e-09 9.8292304255011434e-09 1.3888365918167835e-10
1.3000000000000000e-01 1.0655184037838359e-08 1.0649817452479441e-08 1.5461460029186909e-10
1.4000000000000001e-01 1.1477133128430760e-08 1.1470753452458793e-08 1.7027692824571311e-10
1.4999999999999999e-01 1.2299519805349354e-08 1.2292063989074437e-08 1.8567528431139523e-10
1.6000000000000000e-01 1.3122357210336655e-08 1.3113774585372739e-08 2.0062298764080012e-10
1.7000000000000001e-01 1.3945656954801574e-08 1.3935910668269439e-08 2.1494082245530475e-10
1.7999999999999999e-01 1.4769429279926720e-08 1.4758497600117172e-08 2.2845421556138345e-10
1.9000000000000000e-01 1.5593683311490049e-08 1.5581560652346463e-08 2.4099451037772850e-10
2.0000000000000001e-01 1.6418426867609659e-08 1.6405124922226246e-08 2.5240111274294896e-10
2.0999999999999999e-01 1.7243666950912159e-08 1.7229215357852836e-08 2.6251512090172134e-10
2.2000000000000000e-01 1.8069409642944970e-08 1.8053856990635513e-08 2.7118819529348497e-10
2.3000000000000001e-01 1.8895660120236152e-08 1.8879074575278404e-08 2.7827285394512212e-10
2.3999999999999999e-01 1.9722422852188071e-08 1.9704892706879897e-08 2.8362909300620881e-10
2.5000000000000000e-01 2.0549701960141422e-08 2.0531335980096782e-08 2.8712075664002240e-10
2.6000000000000001e-01 2.1377500819953573e-08 2.1358428840066928e-08 2.8861926247812227e-10
2.7000000000000002e-01 2.2205822263979214e-08 2.2186195513816486e-08 2.8799949772419037e-10
2.8000000000000003e-01 2.3034669088515093e-08 2.3014660023579659e-08 2.8514207063892116e-10
2.8999999999999998e-01 2.3864043453474002e-08 2.3843846390495125e-08 2.7993340114375518e-10
2.9999999999999999e-01 2.4693947585434487e-08 2.4673778537846074e-08 2.7226456038685815e-10
3.1000000000000000e-01 2.5525988564918535e-08 2.5504480155447641e-08 2.8134614778151362e-10
3.2000000000000001e-01 2.6358825365995795e-08 2.6335974202015849e-08 2.8998686064500879e-10
3.3000000000000002e-01 2.7192475429711843e-08 2.7168284089141036e-08 2.9815537722071350e-10
3.4000000000000002e-01 2.8026955993036618e-08 2.8001432949308456e-08 3.0582603239128585e-10
3.4999999999999998e-01 2.8862283968133392e-08 2.8835443588863484e-08 3.1296966699241992e-10
3.5999999999999999e-01 2.9698475971979040e-08 2.9670338813638821e-08 3.1956237362882691e-10
3.7000000000000000e-01 3.0535548496379642e-08 3.0506141105107773e-08 3.2558100160940503e-10
3.8000000000000000e-01 3.1373517741522085e-08 3.1342872758062053e-08 3.3100123395102710e-10
3.9000000000000001e-01 3.2212399755785683e-08 3.2180555934560656e-08 3.3580612940948267e-10
4.0000000000000002e-01 3.3052210361086603e-08 3.3019210907388829e-08 3.3999384946917056e-10
4.0999999999999998e-01 3.3892965275233691e-08 3.3858860576699637e-08 3.4353202142360374e-10
4.1999999999999998e-01 3.4734680031603670e-08 3.4699527377311718e-08 3.4639525871952001e-10
4.2999999999999999e-01 3.5577370085515765e-08 3.5541230841729754e-08 3.4858835335112830e-10
4.4000000000000000e-01 3.6421050683797306e-08 3.6383992831647991e-08 3.5009112330792479e-10
4.5000000000000001e-01 3.7265736842437059e-08 3.7227834415774977e-08 3.5088690968532282e-10
4.6000000000000002e-01 3.8111443839988355e-08 3.8072775399870772e-08 3.5097643840352598e-10
4.6999999999999997e-01 3.8958186470458964e-08 3.8918836168337157e-08 3.5035184809798649e-10
4.7999999999999998e-01 3.9805979820420273e-08 3.9766037149786556e-08 3.4900578757654039e-10
4.8999999999999999e-01 4.0654838626460072e-08 4.0614397748023411e-08 3.4693311745482652e-10
5.0000000000000000e-01 4.1504777773123260e-08 4.1463937741263106e-08 3.4413350072686171e-10
5.1000000000000001e-01 4.2355811878210782e-08 4.2314676137750653e-08 3.4060623667367833e-10
5.2000000000000002e-01 4.3207955643649829e-08 4.3166631983009115e-08 3.3635250954825216e-10
5.3000000000000003e-01 4.4061223800190690e-08 4.4019823995027715e-08 3.3137550330472738e-10
5.4000000000000004e-01 4.4915631355645545e-08 4.4874270487124719e-08 3.2568061641533514e-10
5.5000000000000004e-01 4.5771192501483152e-08 4.5729989433273565e-08 3.1927156806548313e-10
5.6000000000000005e-01 4.6627922364032242e-08 4.6586998960256839e-08 3.1215989630402788e-10
5.6999999999999995e-01 4.7485835364214098e-08 4.7445316491055612e-08 3.0435153248279184e-10
5.7999999999999996e-01 4.8344946580095771e-08 4.8304959300779518e-08 2.9586090706701527e-10
5.8999999999999997e-01 4.9205270516743636e-08 4.9165944058581342e-08 2.8669752222836865e-10
5.9999999999999998e-01 5.0066822311885403e-08 5.0028287736460769e-08 2.7687949762587271e-10
6.0999999999999999e-01 5.0929616822646052e-08 5.0892006523813835e-08 2.6642114808604929e-10
6.2000000000000000e-01 5.1793668895812649e-08 5.1757116314643182e-08 2.5533914062433087e-10
6.3000000000000000e-01 5.2658993791308029e-08 5.2623632849379973e-08 2.4365361909082064e-10
6.4000000000000001e-01 5.3525606607278352e-08 5.3491571586476883e-08 2.3138652843219218e-10
6.5000000000000002e-01 5.4393522843839703e-08 5.4360947386834665e-08 2.1855993276861817e-10
6.6000000000000003e-01 5.5262757739679358e-08 5.5231775073784384e-08 2.0519748045816300e-10
6.7000000000000004e-01 5.6133326595761916e-08 5.6104069025779821e-08 1.9132574835006067e-10
6.8000000000000005e-01 5.7005245511892776e-08 5.6977843295531035e-08 1.7697245112971149e-10
6.8999999999999995e-01 5.7878529793539697e-08 5.7853111276886780e-08 1.6216420351404484e-10
6.9999999999999996e-01 5.8753195486496235e-08 5.8729886535725529e-08 1.4693470758559382e-10
7.0999999999999996e-01 5.9629258776055339e-08 5.9608181966694822e-08 1.3131533783383449e-10
7.1999999999999997e-01 6.0506735923065303e-08 6.0488010314340480e-08 1.1533962891518288e-10
7.2999999999999998e-01 6.1385643115309249e-08 6.1369383507550677e-08 9.9042606195260320e-11
7.3999999999999999e-01 6.2268021412323961e-08 6.2252314302630454e-08 9.4545190736712103e-11
7.5000000000000000e-01 6.3151937299576606e-08 6.3136813554892569e-08 8.9974614878733030e-11
7.6000000000000001e-01 6.4037404270250325e-08 6.4022892251687855e-08 8.5347507886613213e-11
7.7000000000000002e-01 6.4924435572859191e-08 6.4910561489919304e-08 8.0677485010033690e-11
7.8000000000000003e-01 6.5813044077007957e-08 6.5799831885486472e-08 7.5983342959937048e-11
7.9000000000000004e-01 6.6703242746843418e-08 6.6690712798030502e-08 7.1280194191651112e-11
8.0000000000000004e-01 6.7595044375143247e-08 6.7583214326403894e-08 6.6584404594715150e-11
8.1000000000000005e-01 6.8488461825708048e-08 6.8477345701627479e-08 6.1914271867718575e-11
8.1999999999999995e-01 6.9383507310773496e-08 6.9373115840279662e-08 5.7290137346181192e-11
8.2999999999999996e-01 7.0280193366728212e-08 7.0270532990991680e-08 5.2728212212921554e-11
8.3999999999999997e-01 7.1178532072468818e-08 7.1169605161996088e-08 4.8250238761939750e-11
8.4999999999999998e-01 7.2078535601617751e-08 7.2070340411517470e-08 4.3875959482951845e-11
8.5999999999999999e-01 7.2980215511306867e-08 7.2972745550178038e-08 3.9625822060091836e-11
8.7000000000000000e-01 7.3883583961228855e-08 7.3876827748322376e-08 3.5521878161786979e-11
8.8000000000000000e-01 7.4788652501924650e-08 7.4782593549651863e-08 3.1585867841342497e-11
8.9000000000000001e-01 7.5695432920137392e-08 7.5690048693972969e-08 2.7840361773107085e-11
9.0000000000000002e-01 7.6603935981622199e-08 7.6599198815519087e-08 2.4307281052112710e-11
9.1000000000000003e-01 7.7514173415010616e-08 7.7510049581567279e-08 2.1012514273085660e-11
9.2000000000000004e-01 7.8426156169808891e-08 7.8422605340704084e-08 1.7979745483049713e-11
9.3000000000000005e-01 7.9339895359328870e-08 7.9336870644421762e-08 1.5232924640718224e-11
9.3999999999999995e-01 8.0255401522756692e-08 8.0252849162673226e-08 1.2798402059952195e-11
9.4999999999999996e-01 8.1172685721667641e-08 8.1170548550116262e-08 1.0684370637757494e-11
9.5999999999999996e-01 8.2091758542605759e-08 8.2089972737874071e-08 8.9127379451188188e-12
9.6999999999999997e-01 8.3012630164388539e-08 8.3011117860480696e-08 7.5427919362740330e-12
9.7999999999999998e-01 8.3935228544081009e-08 8.3933903300929519e-08 6.6029126145187344e-12
9.8999999999999999e-01 8.4859416795593317e-08 8.4858184147950885e-08 6.1198065289255524e-12
1.0000000000000000e+00 8.5785199621161743e-08 8.5783955691458040e-08 6.1258063198245878e-12
